1.39752 1.5708
1.39878 1.5708
1.40003 1.5708
1.40129 1.5708
1.40255 1.5708
1.4038 1.5708
1.40506 1.5708
1.40632 1.5708
1.40757 1.5708
1.40883 1.5708
1.41009 1.5708
1.41134 1.5708
1.4126 1.5708
1.41386 1.5708
1.41511 1.5708
1.41637 1.5708
1.41763 1.5708
1.41888 1.5708
1.42014 1.5708
1.4214 1.5708
1.42265 1.5708
1.42391 1.5708
1.42517 1.5708
1.42642 1.5708
1.42768 1.5708
1.42894 1.5708
1.43019 1.5708
1.43145 1.5708
1.43271 1.5708
1.43396 1.5708
1.43522 1.5708
1.43648 1.5708
1.43773 1.5708
1.43899 1.5708
1.44025 1.5708
1.4415 1.5708
1.44276 1.5708
1.44402 1.5708
1.44527 1.5708
1.44653 1.5708
1.44779 1.5708
1.44904 1.5708
1.4503 1.5708
1.45156 1.5708
1.45281 1.5708
1.45407 1.5708
1.45533 1.5708
1.45658 1.5708
1.45784 1.5708
1.4591 1.5708
1.46035 1.5708
1.46161 1.5708
1.46287 1.5708
1.46412 1.5708
1.46538 1.5708
1.46664 1.5708
1.46789 1.5708
1.46915 1.5708
1.4704 1.5708
1.47166 1.5708
1.47292 1.5708
1.47417 1.5708
1.47543 1.5708
1.47669 1.5708
1.47794 1.5708
1.4792 1.5708
1.48046 1.5708
1.48171 1.5708
1.48297 1.5708
1.48423 1.5708
1.48548 1.5708
1.48674 1.5708
1.488 1.5708
1.48925 1.5708
1.49051 1.5708
1.49177 1.5708
1.49302 1.5708
1.49428 1.5708
1.49554 1.5708
1.49679 1.5708
1.49805 1.5708
1.49931 1.5708
1.50056 1.5708
1.50182 1.5708
1.50308 1.5708
1.50433 1.5708
1.50559 1.5708
1.50685 1.5708
1.5081 1.5708
1.50936 1.5708
1.51062 1.5708
1.51187 1.5708
1.51313 1.5708
1.51439 1.5708
1.51564 1.5708
1.5169 1.5708
1.51816 1.5708
1.51941 1.5708
1.52067 1.5708
1.52193 1.5708
1.52318 1.5708
1.52444 1.5708
1.5257 1.5708
1.52695 1.5708
1.52821 1.5708
1.52947 1.5708
1.53072 1.5708
1.53198 1.5708
1.53324 1.5708
1.53449 1.5708
1.53575 1.5708
1.53701 1.5708
1.53826 1.5708
1.53952 1.5708
1.54078 1.5708
1.54203 1.5708
1.54329 1.5708
1.54455 1.5708
1.5458 1.5708
1.54706 1.5708
1.54832 1.5708
1.54957 1.5708
1.55083 1.5708
1.55209 1.5708
1.55334 1.5708
1.5546 1.5708
1.55586 1.5708
1.55711 1.5708
1.55837 1.5708
1.55963 1.5708
1.56088 1.5708
1.56214 1.5708
1.5634 1.5708
1.56465 1.5708
1.56591 1.5708
1.56717 1.5708
1.56842 1.5708
1.56968 1.5708
1.57094 1.5708
1.57219 1.5708
1.57345 1.5708
1.57471 1.5708
1.57596 1.5708
1.57722 1.5708
1.57848 1.5708
1.57973 1.5708
1.58099 1.5708
1.58225 1.5708
1.5835 1.5708
1.58476 1.5708
1.58602 1.5708
1.58727 1.5708
1.58853 1.5708
1.58979 1.5708
1.59104 1.5708
1.5923 1.5708
1.59356 1.5708
1.59481 1.5708
1.59607 1.5708
1.59733 1.5708
1.59858 1.5708
1.59984 1.5708
1.6011 1.5708
1.60235 1.5708
1.60361 1.5708
1.60487 1.5708
1.60612 1.5708
1.60738 1.5708
1.60864 1.5708
1.60989 1.5708
1.61115 1.5708
1.6124 1.5708
1.61366 1.5708
1.61492 1.5708
1.61617 1.5708
1.61743 1.5708
1.61869 1.5708
1.61994 1.5708
1.6212 1.5708
1.62246 1.5708
1.62371 1.5708
1.62497 1.5708
1.62623 1.5708
1.62748 1.5708
1.62874 1.5708
1.63 1.5708
1.63125 1.5708
1.63251 1.5708
1.63377 1.5708
1.63502 1.5708
1.63628 1.5708
1.63754 1.5708
1.63879 1.5708
1.64005 1.5708
1.64131 1.5708
1.64256 1.5708
1.64382 1.5708
1.64508 1.5708
1.64633 1.5708
1.64759 1.5708
1.64885 1.5708
1.6501 1.5708
1.65136 1.5708
1.65262 1.5708
1.65387 1.5708
1.65513 1.5708
1.65639 1.5708
1.65764 1.5708
1.6589 1.5708
1.66016 1.5708
1.66141 1.5708
1.66267 1.5708
1.66393 1.5708
1.66518 1.5708
1.66644 1.5708
1.6677 1.5708
1.66895 1.5708
1.67021 1.5708
1.67147 1.5708
1.67272 1.5708
1.67398 1.5708
1.67524 1.5708
1.67649 1.5708
1.67775 1.5708
1.67901 1.5708
1.68026 1.5708
1.68152 1.5708
1.68278 1.5708
1.68403 1.5708
1.68529 1.5708
1.68655 1.5708
1.6878 1.5708
1.68906 1.5708
1.69032 1.5708
1.69157 1.5708
1.69283 1.5708
1.69409 1.5708
1.69534 1.5708
1.6966 1.5708
1.69786 1.5708
1.69911 1.5708
1.70037 1.5708
1.70163 1.5708
1.70288 1.5708
1.70414 1.5708
1.7054 1.5708
1.70665 1.5708
1.70791 1.5708
1.70917 1.5708
1.71042 1.5708
1.71168 1.5708
1.71294 1.5708
1.71419 1.5708
1.71545 1.5708
1.71671 1.5708
1.71796 1.5708
1.71922 1.5708
1.72048 1.5708
1.72173 1.5708
1.72299 1.5708
1.72425 1.5708
1.7255 1.5708
1.72676 1.5708
1.72802 1.5708
1.72927 1.5708
1.73053 1.5708
1.73179 1.5708
1.73304 1.5708
1.7343 1.5708
1.73556 1.5708
1.73681 1.5708
1.73807 1.5708
1.73933 1.5708
1.74058 1.5708
1.74184 1.5708
1.7431 1.5708
1.74435 1.5708
1.74561 1.5708
1.74687 1.5708
1.74812 1.5708
1.74938 1.5708
1.75064 1.5708
1.75189 1.5708
1.75315 1.5708
1.7544 1.5708
1.75566 1.5708
1.75692 1.5708
1.75817 1.5708
1.75943 1.5708
1.76069 1.5708
1.76194 1.5708
1.7632 1.5708
1.76446 1.5708
1.76571 1.5708
1.76697 1.5708
1.76823 1.5708
1.76948 1.5708
1.77074 1.5708
1.772 1.5708
1.77325 1.5708
1.77451 1.5708
1.77577 1.5708
1.77702 1.5708
1.77828 1.5708
1.77954 1.5708
1.78079 1.5708
1.78205 1.5708
1.78331 1.5708
1.78456 1.5708
1.78582 1.5708
1.78708 1.5708
1.78833 1.5708
1.78959 1.5708
1.79085 1.5708
1.7921 1.5708
1.79336 1.5708
1.79462 1.5708
1.79587 1.5708
1.79713 1.5708
1.79839 1.5708
1.79964 1.5708
1.8009 1.5708
1.80216 1.5708
1.80341 1.5708
1.80467 1.5708
1.80593 1.5708
1.80718 1.5708
1.80844 1.5708
1.8097 1.5708
1.81095 1.5708
1.81221 1.5708
1.81347 1.5708
1.81472 1.5708
1.81598 1.5708
1.81724 1.5708
1.81849 1.5708
1.81975 1.5708
1.82101 1.5708
1.82226 1.5708
1.82352 1.5708
1.82478 1.5708
1.82603 1.5708
1.82729 1.5708
1.82855 1.5708
1.8298 1.5708
1.83106 1.5708
1.83232 1.5708
1.83357 1.5708
1.83483 1.5708
1.83609 1.5708
1.83734 1.5708
1.8386 1.5708
1.83986 1.5708
1.84111 1.5708
1.84237 1.5708
1.84363 1.5708
1.84488 1.5708
1.84614 1.5708
1.8474 1.5708
1.84865 1.5708
1.84991 1.5708
1.85117 1.5708
1.85242 1.5708
1.85368 1.5708
1.85494 1.5708
1.85619 1.5708
1.85745 1.5708
1.85871 1.5708
1.85996 1.5708
1.86122 1.5708
1.86248 1.5708
1.86373 1.5708
1.86499 1.5708
1.86625 1.5708
1.8675 1.5708
1.86876 1.5708
1.87002 1.5708
1.87127 1.5708
1.87253 1.5708
1.87379 1.5708
1.87504 1.5708
1.8763 1.5708
1.87756 1.5708
1.87881 1.5708
1.88007 1.5708
1.88133 1.5708
1.88258 1.5708
1.88384 1.5708
1.8851 1.5708
1.88635 1.5708
1.88761 1.5708
1.88887 1.5708
1.89012 1.5708
1.89138 1.5708
1.89264 1.5708
1.89389 1.5708
1.89515 1.5708
1.8964 1.5708
1.89766 1.5708
1.89892 1.5708
1.90017 1.5708
1.90143 1.5708
1.90269 1.5708
1.90394 1.5708
1.9052 1.5708
1.90646 1.5708
1.90771 1.5708
1.90897 1.5708
1.91023 1.5708
1.91148 1.5708
1.91274 1.5708
1.914 1.5708
1.91525 1.5708
1.91651 1.5708
1.91777 1.5708
1.91902 1.5708
1.92028 1.5708
1.92154 1.5708
1.92279 1.5708
1.92405 1.5708
1.92531 1.5708
1.92656 1.5708
1.92782 1.5708
1.92908 1.5708
1.93033 1.5708
1.93159 1.5708
1.93285 1.5708
1.9341 1.5708
1.93536 1.5708
1.93662 1.5708
1.93787 1.5708
1.93913 1.5708
1.94039 1.5708
1.94164 1.5708
1.9429 1.5708
1.94416 1.5708
1.94541 1.5708
1.94667 1.5708
1.94793 1.5708
1.94918 1.5708
1.95044 1.5708
1.9517 1.5708
1.95295 1.5708
1.95421 1.5708
1.95547 1.5708
1.95672 1.5708
1.95798 1.5708
1.95924 1.5708
1.96049 1.5708
1.96175 1.5708
1.96301 1.5708
1.96426 1.5708
1.96552 1.5708
1.96678 1.5708
1.96803 1.5708
1.96929 1.5708
1.97055 1.5708
1.9718 1.5708
1.97306 1.5708
1.97432 1.5708
1.97557 1.5708
1.97683 1.5708
1.97809 1.5708
1.97934 1.5708
1.9806 1.5708
1.98186 1.5708
1.98311 1.5708
1.98437 1.5708
1.98563 1.5708
1.98688 1.5708
1.98814 1.5708
1.9894 1.5708
1.99065 1.5708
1.99191 1.5708
1.99317 1.5708
1.99442 1.5708
1.99568 1.5708
1.99694 1.5708
1.99819 1.5708
1.99945 1.5708
2.00071 1.5708
2.00196 1.5708
2.00322 1.5708
2.00448 1.5708
2.00573 1.5708
2.00699 1.5708
2.00825 1.5708
2.0095 1.5708
2.01076 1.5708
2.01202 1.5708
2.01327 1.5708
2.01453 1.5708
2.01579 1.5708
2.01704 1.5708
2.0183 1.5708
2.01956 1.5708
2.02081 1.5708
2.02207 1.5708
2.02333 1.5708
2.02458 1.5708
2.02584 1.5708
2.0271 1.5708
2.02835 1.5708
2.02961 1.5708
2.03087 1.5708
2.03212 1.5708
2.03338 1.5708
2.03464 1.5708
2.03589 1.5708
2.03715 1.5708
2.0384 1.5708
2.03966 1.5708
2.04092 1.5708
2.04217 1.5708
2.04343 1.5708
2.04469 1.5708
2.04594 1.5708
2.0472 1.5708
2.04846 1.5708
2.04971 1.5708
2.05097 1.5708
2.05223 1.5708
2.05348 1.5708
2.05474 1.5708
2.056 1.5708
2.05725 1.5708
2.05851 1.5708
2.05977 1.5708
2.06102 1.5708
2.06228 1.5708
2.06354 1.5708
2.06479 1.5708
2.06605 1.5708
2.06731 1.5708
2.06856 1.5708
2.06982 1.5708
2.07108 1.5708
2.07233 1.5708
2.07359 1.5708
2.07485 1.5708
2.0761 1.5708
2.07736 1.5708
2.07862 1.5708
2.07987 1.5708
2.08113 1.5708
2.08239 1.5708
2.08364 1.5708
2.0849 1.5708
2.08616 1.5708
2.08741 1.5708
2.08867 1.5708
2.08993 1.5708
2.09118 1.5708
2.09244 1.5708
2.0937 1.5708
2.09495 1.5708
2.09621 1.5708
2.09747 1.5708
2.09872 1.5708
2.09998 1.5708
2.10124 1.5708
2.10249 1.5708
2.10375 1.5708
2.10501 1.5708
2.10626 1.5708
2.10752 1.5708
2.10878 1.5708
2.11003 1.5708
2.11129 1.5708
2.11255 1.5708
2.1138 1.5708
2.11506 1.5708
2.11632 1.5708
2.11757 1.5708
2.11883 1.5708
2.12009 1.5708
2.12134 1.5708
2.1226 1.5708
2.12386 1.5708
2.12511 1.5708
2.12637 1.5708
2.12763 1.5708
2.12888 1.5708
2.13014 1.5708
2.1314 1.5708
2.13265 1.5708
2.13391 1.5708
2.13517 1.5708
2.13642 1.5708
2.13768 1.5708
2.13894 1.5708
2.14019 1.5708
2.14145 1.5708
2.14271 1.5708
2.14396 1.5708
2.14522 1.5708
2.14648 1.5708
2.14773 1.5708
2.14899 1.5708
2.15025 1.5708
2.1515 1.5708
2.15276 1.5708
2.15402 1.5708
2.15527 1.5708
2.15653 1.5708
2.15779 1.5708
2.15904 1.5708
2.1603 1.5708
2.16156 1.5708
2.16281 1.5708
2.16407 1.5708
2.16533 1.5708
2.16658 1.5708
2.16784 1.5708
2.1691 1.5708
2.17035 1.5708
2.17161 1.5708
2.17287 1.5708
2.17412 1.5708
2.17538 1.5708
2.17664 1.5708
2.17789 1.5708
2.17915 1.5708
2.1804 1.5708
2.18166 1.5708
2.18292 1.5708
2.18417 1.5708
2.18543 1.5708
2.18669 1.5708
2.18794 1.5708
2.1892 1.5708
2.19046 1.5708
2.19171 1.5708
2.19297 1.5708
2.19423 1.5708
2.19548 1.5708
2.19674 1.5708
2.198 1.5708
2.19925 1.5708
2.20051 1.5708
2.20177 1.5708
2.20302 1.5708
2.20428 1.5708
2.20554 1.5708
2.20679 1.5708
2.20805 1.5708
2.20931 1.5708
2.21056 1.5708
2.21182 1.5708
2.21308 1.5708
2.21433 1.5708
2.21559 1.5708
2.21685 1.5708
2.2181 1.5708
2.21936 1.5708
2.22062 1.5708
2.22187 1.5708
2.22313 1.5708
2.22439 1.5708
2.22564 1.5708
2.2269 1.5708
2.22816 1.5708
2.22941 1.5708
2.23067 1.5708
2.23193 1.5708
2.23318 1.5708
2.23444 1.5708
2.2357 1.5708
2.23695 1.5708
2.23821 1.5708
2.23947 1.5708
2.24072 1.5708
2.24198 1.5708
2.24324 1.5708
2.24449 1.5708
2.24575 1.5708
2.24701 1.5708
2.24826 1.5708
2.24952 1.5708
2.25078 1.5708
2.25203 1.5708
2.25329 1.5708
2.25455 1.5708
2.2558 1.5708
2.25706 1.5708
2.25832 1.5708
2.25957 1.5708
2.26083 1.5708
2.26209 1.5708
2.26334 1.5708
2.2646 1.5708
2.26586 1.5708
2.26711 1.5708
2.26837 1.5708
2.26963 1.5708
2.27088 1.5708
2.27214 1.5708
2.2734 1.5708
2.27465 1.5708
2.27591 1.5708
2.27717 1.5708
2.27842 1.5708
2.27968 1.5708
2.28094 1.5708
2.28219 1.5708
2.28345 1.5708
2.28471 1.5708
2.28596 1.5708
2.28722 1.5708
2.28848 1.5708
2.28973 1.5708
2.29099 1.5708
2.29225 1.5708
2.2935 1.5708
2.29476 1.5708
2.29602 1.5708
2.29727 1.5708
2.29853 1.5708
2.29979 1.5708
2.30104 1.5708
2.3023 1.5708
2.30356 1.5708
2.30481 1.5708
2.30607 1.5708
2.30733 1.5708
2.30858 1.5708
2.30984 1.5708
2.3111 1.5708
2.31235 1.5708
2.31361 1.5708
2.31487 1.5708
2.31612 1.5708
2.31738 1.5708
2.31864 1.5708
2.31989 1.5708
2.32115 1.5708
2.3224 1.5708
2.32366 1.5708
2.32492 1.5708
2.32617 1.5708
2.32743 1.5708
2.32869 1.5708
2.32994 1.5708
2.3312 1.5708
2.33246 1.5708
2.33371 1.5708
2.33497 1.5708
2.33623 1.5708
2.33748 1.5708
2.33874 1.5708
2.34 1.5708
2.34125 1.5708
2.34251 1.5708
2.34377 1.5708
2.34502 1.5708
2.34628 1.5708
2.34754 1.5708
2.34879 1.5708
2.35005 1.5708
2.35131 1.5708
2.35256 1.5708
2.35382 1.5708
2.35508 1.5708
2.35633 1.5708
2.35759 1.5708
2.35885 1.5708
2.3601 1.5708
2.36136 1.5708
2.36262 1.5708
2.36387 1.5708
2.36513 1.5708
2.36639 1.5708
2.36764 1.5708
2.3689 1.5708
2.37016 1.5708
2.37141 1.5708
2.37267 1.5708
2.37393 1.5708
2.37518 1.5708
2.37644 1.5708
2.3777 1.5708
2.37895 1.5708
2.38021 1.5708
2.38147 1.5708
2.38272 1.5708
2.38398 1.5708
2.38524 1.5708
2.38649 1.5708
2.38775 1.5708
2.38901 1.5708
2.39026 1.5708
2.39152 1.5708
2.39278 1.5708
2.39403 1.5708
2.39529 1.5708
2.39655 1.5708
2.3978 1.5708
2.39906 1.5708
2.40032 1.5708
2.40157 1.5708
2.40283 1.5708
2.40409 1.5708
2.40534 1.5708
2.4066 1.5708
2.40786 1.5708
2.40911 1.5708
2.41037 1.5708
2.41163 1.5708
2.41288 1.5708
2.41414 1.5708
2.4154 1.5708
2.41665 1.5708
2.41791 1.5708
2.41917 1.5708
2.42042 1.5708
2.42168 1.5708
2.42294 1.5708
2.42419 1.5708
2.42545 1.5708
2.42671 1.5708
2.42796 1.5708
2.42922 1.5708
2.43048 1.5708
2.43173 1.5708
2.43299 1.5708
2.43425 1.5708
2.4355 1.5708
2.43676 1.5708
2.43802 1.5708
2.43927 1.5708
2.44053 1.5708
2.44179 1.5708
2.44304 1.5708
2.4443 1.5708
2.44556 1.5708
2.44681 1.5708
2.44807 1.5708
2.44933 1.5708
2.45058 1.5708
2.45184 1.5708
2.4531 1.5708
2.45435 1.5708
2.45561 1.5708
2.45687 1.5708
2.45812 1.5708
2.45938 1.5708
2.46063 1.5708
2.46189 1.5708
2.46315 1.5708
2.4644 1.5708
2.46566 1.5708
2.46692 1.5708
2.46817 1.5708
2.46943 1.5708
2.47069 1.5708
2.47194 1.5708
2.4732 1.5708
2.47446 1.5708
2.47571 1.5708
2.47697 1.5708
2.47823 1.5708
2.47948 1.5708
2.48074 1.5708
2.482 1.5708
2.48325 1.5708
2.48451 1.5708
2.48577 1.5708
2.48702 1.5708
2.48828 1.5708
2.48954 1.5708
2.49079 1.5708
2.49205 1.5708
2.49331 1.5708
2.49456 1.5708
2.49582 1.5708
2.49708 1.5708
2.49833 1.5708
2.49959 1.5708
2.50085 1.5708
2.5021 1.5708
2.50336 1.5708
2.50462 1.5708
2.50587 1.5708
2.50713 1.5708
2.50839 1.5708
2.50964 1.5708
2.5109 1.5708
2.51216 1.5708
2.51341 1.5708
2.51467 1.5708
2.51593 1.5708
2.51718 1.5708
2.51844 1.5708
2.5197 1.5708
2.52095 1.5708
2.52221 1.5708
2.52347 1.5708
2.52472 1.5708
2.52598 1.5708
2.52724 1.5708
2.52849 1.5708
2.52975 1.5708
2.53101 1.5708
2.53226 1.5708
2.53352 1.5708
2.53478 1.5708
2.53603 1.5708
2.53729 1.5708
2.53855 1.5708
2.5398 1.5708
2.54106 1.5708
2.54232 1.5708
2.54357 1.5708
2.54483 1.5708
2.54609 1.5708
2.54734 1.5708
2.5486 1.5708
2.54986 1.5708
2.55111 1.5708
2.55237 1.5708
2.55363 1.5708
2.55488 1.5708
2.55614 1.5708
2.5574 1.5708
2.55865 1.5708
2.55991 1.5708
2.56117 1.5708
2.56242 1.5708
2.56368 1.5708
2.56494 1.5708
2.56619 1.5708
2.56745 1.5708
2.56871 1.5708
2.56996 1.5708
2.57122 1.5708
2.57248 1.5708
2.57373 1.5708
2.57499 1.5708
2.57625 1.5708
2.5775 1.5708
2.57876 1.5708
2.58002 1.5708
2.58127 1.5708
2.58253 1.5708
2.58379 1.5708
2.58504 1.5708
2.5863 1.5708
2.58756 1.5708
2.58881 1.5708
2.59007 1.5708
2.59133 1.5708
2.59258 1.5708
2.59384 1.5708
2.5951 1.5708
2.59635 1.5708
2.59761 1.5708
2.59887 1.5708
2.60012 1.5708
2.60138 1.5708
2.60263 1.5708
2.60389 1.5708
2.60515 1.5708
2.6064 1.5708
2.60766 1.5708
2.60892 1.5708
2.61017 1.5708
2.61143 1.5708
2.61269 1.5708
2.61394 1.5708
2.6152 1.5708
2.61646 1.5708
2.61771 1.5708
2.61897 1.5708
2.62023 1.5708
2.62148 1.5708
2.62274 1.5708
2.624 1.5708
2.62525 1.5708
2.62651 1.5708
2.62777 1.5708
2.62902 1.5708
2.63028 1.5708
2.63154 1.5708
2.63279 1.5708
2.63405 1.5708
2.63531 1.5708
2.63656 1.5708
2.63782 1.5708
2.63908 1.5708
2.64033 1.5708
2.64159 1.5708
2.64285 1.5708
2.6441 1.5708
2.64536 1.5708
2.64662 1.5708
2.64787 1.5708
2.64913 1.5708
2.65039 1.5708
2.65164 1.5708
2.6529 1.5708
2.65416 1.5708
2.65541 1.5708
2.65667 1.5708
2.65793 1.5708
2.65918 1.5708
2.66044 1.5708
2.6617 1.5708
2.66295 1.5708
2.66421 1.5708
2.66547 1.5708
2.66672 1.5708
2.66798 1.5708
2.66924 1.5708
2.67049 1.5708
2.67175 1.5708
2.67301 1.5708
2.67426 1.5708
2.67552 1.5708
2.67678 1.5708
2.67803 1.5708
2.67929 1.5708
2.68055 1.5708
2.6818 1.5708
2.68306 1.5708
2.68432 1.5708
2.68557 1.5708
2.68683 1.5708
2.68809 1.5708
2.68934 1.5708
2.6906 1.5708
2.69186 1.5708
2.69311 1.5708
2.69437 1.5708
2.69563 1.5708
2.69688 1.5708
2.69814 1.5708
2.6994 1.5708
2.70065 1.5708
2.70191 1.5708
2.70317 1.5708
2.70442 1.5708
2.70568 1.5708
2.70694 1.5708
2.70819 1.5708
2.70945 1.5708
2.71071 1.5708
2.71196 1.5708
2.71322 1.5708
2.71448 1.5708
2.71573 1.5708
2.71699 1.5708
2.71825 1.5708
2.7195 1.5708
2.72076 1.5708
2.72202 1.5708
2.72327 1.5708
2.72453 1.5708
2.72579 1.5708
2.72704 1.5708
2.7283 1.5708
2.72956 1.5708
2.73081 1.5708
2.73207 1.5708
2.73333 1.5708
2.73458 1.5708
2.73584 1.5708
2.7371 1.5708
2.73835 1.5708
2.73961 1.5708
2.74087 1.5708
2.74212 1.5708
2.74338 1.5708
2.74463 1.5708
2.74589 1.5708
2.74715 1.5708
2.7484 1.5708
2.74966 1.5708
2.75092 1.5708
2.75217 1.5708
2.75343 1.5708
2.75469 1.5708
2.75594 1.5708
2.7572 1.5708
2.75846 1.5708
2.75971 1.5708
2.76097 1.5708
2.76223 1.5708
2.76348 1.5708
2.76474 1.5708
2.766 1.5708
2.76725 1.5708
2.76851 1.5708
2.76977 1.5708
2.77102 1.5708
2.77228 1.5708
2.77354 1.5708
2.77479 1.5708
2.77605 1.5708
2.77731 1.5708
2.77856 1.5708
2.77982 1.5708
2.78108 1.5708
2.78233 1.5708
2.78359 1.5708
2.78485 1.5708
2.7861 1.5708
2.78736 1.5708
2.78862 1.5708
2.78987 1.5708
2.79113 1.5708
2.79239 1.5708
2.79364 1.5708
2.7949 1.5708
2.79616 1.5708
2.79741 1.5708
2.79867 1.5708
2.79993 1.5708
2.80118 1.5708
2.80244 1.5708
2.8037 1.5708
2.80495 1.5708
2.80621 1.5708
2.80747 1.5708
2.80872 1.5708
2.80998 1.5708
2.81124 1.5708
2.81249 1.5708
2.81375 1.5708
2.81501 1.5708
2.81626 1.5708
2.81752 1.5708
2.81878 1.5708
2.82003 1.5708
2.82129 1.5708
2.82255 1.5708
2.8238 1.5708
2.82506 1.5708
2.82632 1.5708
2.82757 1.5708
2.82883 1.5708
2.83009 1.5708
2.83134 1.5708
2.8326 1.5708
2.83386 1.5708
2.83511 1.5708
2.83637 1.5708
2.83763 1.5708
2.83888 1.5708
2.84014 1.5708
2.8414 1.5708
2.84265 1.5708
2.84391 1.5708
2.84517 1.5708
2.84642 1.5708
2.84768 1.5708
2.84894 1.5708
2.85019 1.5708
2.85145 1.5708
2.85271 1.5708
2.85396 1.5708
2.85522 1.5708
2.85648 1.5708
2.85773 1.5708
2.85899 1.5708
2.86025 1.5708
2.8615 1.5708
2.86276 1.5708
2.86402 1.5708
2.86527 1.5708
2.86653 1.5708
2.86779 1.5708
2.86904 1.5708
2.8703 1.5708
2.87156 1.5708
2.87281 1.5708
2.87407 1.5708
2.87533 1.5708
2.87658 1.5708
2.87784 1.5708
2.8791 1.5708
2.88035 1.5708
2.88161 1.5708
2.88287 1.5708
2.88412 1.5708
2.88538 1.5708
2.88663 1.5708
2.88789 1.5708
2.88915 1.5708
2.8904 1.5708
2.89166 1.5708
2.89292 1.5708
2.89417 1.5708
2.89543 1.5708
2.89669 1.5708
2.89794 1.5708
2.8992 1.5708
2.90046 1.5708
2.90171 1.5708
2.90297 1.5708
2.90423 1.5708
2.90548 1.5708
2.90674 1.5708
2.908 1.5708
2.90925 1.5708
2.91051 1.5708
2.91177 1.5708
2.91302 1.5708
2.91428 1.5708
2.91554 1.5708
2.91679 1.5708
2.91805 1.5708
2.91931 1.5708
2.92056 1.5708
2.92182 1.5708
2.92308 1.5708
2.92433 1.5708
2.92559 1.5708
2.92685 1.5708
2.9281 1.5708
2.92936 1.5708
2.93062 1.5708
2.93187 1.5708
2.93313 1.5708
2.93439 1.5708
2.93564 1.5708
2.9369 1.5708
2.93816 1.5708
2.93941 1.5708
2.94067 1.5708
2.94193 1.5708
2.94318 1.5708
2.94444 1.5708
2.9457 1.5708
2.94695 1.5708
2.94821 1.5708
2.94947 1.5708
2.95072 1.5708
2.95198 1.5708
2.95324 1.5708
2.95449 1.5708
2.95575 1.5708
2.95701 1.5708
2.95826 1.5708
2.95952 1.5708
2.96078 1.5708
2.96203 1.5708
2.96329 1.5708
2.96455 1.5708
2.9658 1.5708
2.96706 1.5708
2.96832 1.5708
2.96957 1.5708
2.97083 1.5708
2.97209 1.5708
2.97334 1.5708
2.9746 1.5708
2.97586 1.5708
2.97711 1.5708
2.97837 1.5708
2.97963 1.5708
2.98088 1.5708
2.98214 1.5708
2.9834 1.5708
2.98465 1.5708
2.98591 1.5708
2.98717 1.5708
2.98842 1.5708
2.98968 1.5708
2.99094 1.5708
2.99219 1.5708
2.99345 1.5708
2.99471 1.5708
2.99596 1.5708
2.99722 1.5708
2.99848 1.5708
2.99973 1.5708
3.00099 1.5708
3.00225 1.5708
3.0035 1.5708
3.00476 1.5708
3.00602 1.5708
3.00727 1.5708
3.00853 1.5708
3.00979 1.5708
3.01104 1.5708
3.0123 1.5708
3.01356 1.5708
3.01481 1.5708
3.01607 1.5708
3.01733 1.5708
3.01858 1.5708
3.01984 1.5708
3.0211 1.5708
3.02235 1.5708
3.02361 1.5708
3.02487 1.5708
3.02612 1.5708
3.02738 1.5708
3.02863 1.5708
3.02989 1.5708
3.03115 1.5708
3.0324 1.5708
3.03366 1.5708
3.03492 1.5708
3.03617 1.5708
3.03743 1.5708
3.03869 1.5708
3.03994 1.5708
3.0412 1.5708
3.04246 1.5708
3.04371 1.5708
3.04497 1.5708
3.04623 1.5708
3.04748 1.5708
3.04874 1.5708
3.05 1.5708
3.05125 1.5708
3.05251 1.5708
3.05377 1.5708
3.05502 1.5708
3.05628 1.5708
3.05754 1.5708
3.05879 1.5708
3.06005 1.5708
3.06131 1.5708
3.06256 1.5708
3.06382 1.5708
3.06508 1.5708
3.06633 1.5708
3.06759 1.5708
3.06885 1.5708
3.0701 1.5708
3.07136 1.5708
3.07262 1.5708
3.07387 1.5708
3.07513 1.5708
3.07639 1.5708
3.07764 1.5708
3.0789 1.5708
3.08016 1.5708
3.08141 1.5708
3.08267 1.5708
3.08393 1.5708
3.08518 1.5708
3.08644 1.5708
3.0877 1.5708
3.08895 1.5708
3.09021 1.5708
3.09147 1.5708
3.09272 1.5708
3.09398 1.5708
3.09524 1.5708
3.09649 1.5708
3.09775 1.5708
3.09901 1.5708
3.10026 1.5708
3.10152 1.5708
3.10278 1.5708
3.10403 1.5708
3.10529 1.5708
3.10655 1.5708
3.1078 1.5708
3.10906 1.5708
3.11032 1.5708
3.11157 1.5708
3.11283 1.5708
3.11409 1.5708
3.11534 1.5708
3.1166 1.5708
3.11786 1.5708
3.11911 1.5708
3.12037 1.5708
3.12163 1.5708
3.12288 1.5708
3.12414 1.5708
3.1254 1.5708
3.12665 1.5708
3.12791 1.5708
3.12917 1.5708
3.13042 1.5708
3.13168 1.5708
3.13294 1.5708
3.13419 1.5708
3.13545 1.5708
3.13671 1.5708
3.13796 1.5708
3.13922 1.5708
3.14048 1.5708
3.14173 1.5708
3.14299 1.5708
3.14425 1.5708
3.1455 1.5708
3.14676 1.5708
3.14802 1.5708
3.14927 1.5708
3.15053 1.5708
3.15179 1.5708
3.15304 1.5708
3.1543 1.5708
3.15556 1.5708
3.15681 1.5708
3.15807 1.5708
3.15933 1.5708
3.16058 1.5708
3.16184 1.5708
3.1631 1.5708
3.16435 1.5708
3.16561 1.5708
3.16687 1.5708
3.16812 1.5708
3.16938 1.5708
3.17063 1.5708
3.17189 1.5708
3.17315 1.5708
3.1744 1.5708
3.17566 1.5708
3.17692 1.5708
3.17817 1.5708
3.17943 1.5708
3.18069 1.5708
3.18194 1.5708
3.1832 1.5708
3.18446 1.5708
3.18571 1.5708
3.18697 1.5708
3.18823 1.5708
3.18948 1.5708
3.19074 1.5708
3.192 1.5708
3.19325 1.5708
3.19451 1.5708
3.19577 1.5708
3.19702 1.5708
3.19828 1.5708
3.19954 1.5708
3.20079 1.5708
3.20205 1.5708
3.20331 1.5708
3.20456 1.5708
3.20582 1.5708
3.20708 1.5708
3.20833 1.5708
3.20959 1.5708
3.21085 1.5708
3.2121 1.5708
3.21336 1.5708
3.21462 1.5708
3.21587 1.5708
3.21713 1.5708
3.21839 1.5708
3.21964 1.5708
3.2209 1.5708
3.22216 1.5708
3.22341 1.5708
3.22467 1.5708
3.22593 1.5708
3.22718 1.5708
3.22844 1.5708
3.2297 1.5708
3.23095 1.5708
3.23221 1.5708
3.23347 1.5708
3.23472 1.5708
3.23598 1.5708
3.23724 1.5708
3.23849 1.5708
3.23975 1.5708
3.24101 1.5708
3.24226 1.5708
3.24352 1.5708
3.24478 1.5708
3.24603 1.5708
3.24729 1.5708
3.24855 1.5708
3.2498 1.5708
3.25106 1.5708
3.25232 1.5708
3.25357 1.5708
3.25483 1.5708
3.25609 1.5708
3.25734 1.5708
3.2586 1.5708
3.25986 1.5708
3.26111 1.5708
3.26237 1.5708
3.26363 1.5708
3.26488 1.5708
3.26614 1.5708
3.2674 1.5708
3.26865 1.5708
3.26991 1.5708
3.27117 1.5708
3.27242 1.5708
3.27368 1.5708
3.27494 1.5708
3.27619 1.5708
3.27745 1.5708
3.27871 1.5708
3.27996 1.5708
3.28122 1.5708
3.28248 1.5708
3.28373 1.5708
3.28499 1.5708
3.28625 1.5708
3.2875 1.5708
3.28876 1.5708
3.29002 1.5708
3.29127 1.5708
3.29253 1.5708
3.29379 1.5708
3.29504 1.5708
3.2963 1.5708
3.29756 1.5708
3.29881 1.5708
3.30007 1.5708
3.30133 1.5708
3.30258 1.5708
3.30384 1.5708
3.3051 1.5708
3.30635 1.5708
3.30761 1.5708
3.30887 1.5708
3.31012 1.5708
3.31138 1.5708
3.31263 1.5708
3.31389 1.5708
3.31515 1.5708
3.3164 1.5708
3.31766 1.5708
3.31892 1.5708
3.32017 1.5708
3.32143 1.5708
3.32269 1.5708
3.32394 1.5708
3.3252 1.5708
3.32646 1.5708
3.32771 1.5708
3.32897 1.5708
3.33023 1.5708
3.33148 1.5708
3.33274 1.5708
3.334 1.5708
3.33525 1.5708
3.33651 1.5708
3.33777 1.5708
3.33902 1.5708
3.34028 1.5708
3.34154 1.5708
3.34279 1.5708
3.34405 1.5708
3.34531 1.5708
3.34656 1.5708
3.34782 1.5708
3.34908 1.5708
3.35033 1.5708
3.35159 1.5708
3.35285 1.5708
3.3541 1.5708
3.35536 1.5708
3.35662 1.5708
3.35787 1.5708
3.35913 1.5708
3.36039 1.5708
3.36164 1.5708
3.3629 1.5708
3.36416 1.5708
3.36541 1.5708
3.36667 1.5708
3.36793 1.5708
3.36918 1.5708
3.37044 1.5708
3.3717 1.5708
3.37295 1.5708
3.37421 1.5708
3.37547 1.5708
3.37672 1.5708
3.37798 1.5708
3.37924 1.5708
3.38049 1.5708
3.38175 1.5708
3.38301 1.5708
3.38426 1.5708
3.38552 1.5708
3.38678 1.5708
3.38803 1.5708
3.38929 1.5708
3.39055 1.5708
3.3918 1.5708
3.39306 1.5708
3.39432 1.5708
3.39557 1.5708
3.39683 1.5708
3.39809 1.5708
3.39934 1.5708
3.4006 1.5708
3.40186 1.5708
3.40311 1.5708
3.40437 1.5708
3.40563 1.5708
3.40688 1.5708
3.40814 1.5708
3.4094 1.5708
3.41065 1.5708
3.41191 1.5708
3.41317 1.5708
3.41442 1.5708
3.41568 1.5708
3.41694 1.5708
3.41819 1.5708
3.41945 1.5708
3.42071 1.5708
3.42196 1.5708
3.42322 1.5708
3.42448 1.5708
3.42573 1.5708
3.42699 1.5708
3.42825 1.5708
3.4295 1.5708
3.43076 1.5708
3.43202 1.5708
3.43327 1.5708
3.43453 1.5708
3.43579 1.5708
3.43704 1.5708
3.4383 1.5708
3.43956 1.5708
3.44081 1.5708
3.44207 1.5708
3.44333 1.5708
3.44458 1.5708
3.44584 1.5708
3.4471 1.5708
3.44835 1.5708
3.44961 1.5708
3.45086 1.5708
3.45212 1.5708
3.45338 1.5708
3.45463 1.5708
3.45589 1.5708
3.45715 1.5708
3.4584 1.5708
3.45966 1.5708
3.46092 1.5708
3.46217 1.5708
3.46343 1.5708
3.46469 1.5708
3.46594 1.5708
3.4672 1.5708
3.46846 1.5708
3.46971 1.5708
3.47097 1.5708
3.47223 1.5708
3.47348 1.5708
3.47474 1.5708
3.476 1.5708
3.47725 1.5708
3.47851 1.5708
3.47977 1.5708
3.48102 1.5708
3.48228 1.5708
3.48354 1.5708
3.48479 1.5708
3.48605 1.5708
3.48731 1.5708
3.48856 1.5708
3.48982 1.5708
3.49108 1.5708
3.49233 1.5708
3.49359 1.5708
3.49485 1.5708
3.4961 1.5708
3.49736 1.5708
3.49862 1.5708
3.49987 1.5708
3.50113 1.5708
3.50239 1.5708
3.50364 1.5708
3.5049 1.5708
3.50616 1.5708
3.50741 1.5708
3.50867 1.5708
3.50993 1.5708
3.51118 1.5708
3.51244 1.5708
3.5137 1.5708
3.51495 1.5708
3.51621 1.5708
3.51747 1.5708
3.51872 1.5708
3.51998 1.5708
3.52124 1.5708
3.52249 1.5708
3.52375 1.5708
3.52501 1.5708
3.52626 1.5708
3.52752 1.5708
3.52878 1.5708
3.53003 1.5708
3.53129 1.5708
3.53255 1.5708
3.5338 1.5708
3.53506 1.5708
3.53632 1.5708
3.53757 1.5708
3.53883 1.5708
3.54009 1.5708
3.54134 1.5708
3.5426 1.5708
3.54386 1.5708
3.54511 1.5708
3.54637 1.5708
3.54763 1.5708
3.54888 1.5708
3.55014 1.5708
3.5514 1.5708
3.55265 1.5708
3.55391 1.5708
3.55517 1.5708
3.55642 1.5708
3.55768 1.5708
3.55894 1.5708
3.56019 1.5708
3.56145 1.5708
3.56271 1.5708
3.56396 1.5708
3.56522 1.5708
3.56648 1.5708
3.56773 1.5708
3.56899 1.5708
3.57025 1.5708
3.5715 1.5708
3.57276 1.5708
3.57402 1.5708
3.57527 1.5708
3.57653 1.5708
3.57779 1.5708
3.57904 1.5708
3.5803 1.5708
3.58156 1.5708
3.58281 1.5708
3.58407 1.5708
3.58533 1.5708
3.58658 1.5708
3.58784 1.5708
3.5891 1.5708
3.59035 1.5708
3.59161 1.5708
3.59286 1.5708
3.59412 1.5708
3.59538 1.5708
3.59663 1.5708
3.59789 1.5708
3.59915 1.5708
3.6004 1.5708
3.60166 1.5708
3.60292 1.5708
3.60417 1.5708
3.60543 1.5708
3.60669 1.5708
3.60794 1.5708
3.6092 1.5708
3.61046 1.5708
3.61171 1.5708
3.61297 1.5708
3.61423 1.5708
3.61548 1.5708
3.61674 1.5708
3.618 1.5708
3.61925 1.5708
3.62051 1.5708
3.62177 1.5708
3.62302 1.5708
3.62428 1.5708
3.62554 1.5708
3.62679 1.5708
3.62805 1.5708
3.62931 1.5708
3.63056 1.5708
3.63182 1.5708
3.63308 1.5708
3.63433 1.5708
3.63559 1.5708
3.63685 1.5708
3.6381 1.5708
3.63936 1.5708
3.64062 1.5708
3.64187 1.5708
3.64313 1.5708
3.64439 1.5708
3.64564 1.5708
3.6469 1.5708
3.64816 1.5708
3.64941 1.5708
3.65067 1.5708
3.65193 1.5708
3.65318 1.5708
3.65444 1.5708
3.6557 1.5708
3.65695 1.5708
3.65821 1.5708
3.65947 1.5708
3.66072 1.5708
3.66198 1.5708
3.66324 1.5708
3.66449 1.5708
3.66575 1.5708
3.66701 1.5708
3.66826 1.5708
3.66952 1.5708
3.67078 1.5708
3.67203 1.5708
3.67329 1.5708
3.67455 1.5708
3.6758 1.5708
3.67706 1.5708
3.67832 1.5708
3.67957 1.5708
3.68083 1.5708
3.68209 1.5708
3.68334 1.5708
3.6846 1.5708
3.68586 1.5708
3.68711 1.5708
3.68837 1.5708
3.68963 1.5708
3.69088 1.5708
3.69214 1.5708
3.6934 1.5708
3.69465 1.5708
3.69591 1.5708
3.69717 1.5708
3.69842 1.5708
3.69968 1.5708
3.70094 1.5708
3.70219 1.5708
3.70345 1.5708
3.70471 1.5708
3.70596 1.5708
3.70722 1.5708
3.70848 1.5708
3.70973 1.5708
3.71099 1.5708
3.71225 1.5708
3.7135 1.5708
3.71476 1.5708
3.71602 1.5708
3.71727 1.5708
3.71853 1.5708
3.71979 1.5708
3.72104 1.5708
3.7223 1.5708
3.72356 1.5708
3.72481 1.5708
3.72607 1.5708
3.72733 1.5708
3.72858 1.5708
3.72984 1.5708
3.7311 1.5708
3.73235 1.5708
3.73361 1.5708
3.73486 1.5708
3.73612 1.5708
3.73738 1.5708
3.73863 1.5708
3.73989 1.5708
3.74115 1.5708
3.7424 1.5708
3.74366 1.5708
3.74492 1.5708
3.74617 1.5708
3.74743 1.5708
3.74869 1.5708
3.74994 1.5708
3.7512 1.5708
3.75246 1.5708
3.75371 1.5708
3.75497 1.5708
3.75623 1.5708
3.75748 1.5708
3.75874 1.5708
3.76 1.5708
3.76125 1.5708
3.76251 1.5708
3.76377 1.5708
3.76502 1.5708
3.76628 1.5708
3.76754 1.5708
3.76879 1.5708
3.77005 1.5708
3.77131 1.5708
3.77256 1.5708
3.77382 1.5708
3.77508 1.5708
3.77633 1.5708
3.77759 1.5708
3.77885 1.5708
3.7801 1.5708
3.78136 1.5708
3.78262 1.5708
3.78387 1.5708
3.78513 1.5708
3.78639 1.5708
3.78764 1.5708
3.7889 1.5708
3.79016 1.5708
3.79141 1.5708
3.79267 1.5708
3.79393 1.5708
3.79518 1.5708
3.79644 1.5708
3.7977 1.5708
3.79895 1.5708
3.80021 1.5708
3.80147 1.5708
3.80272 1.5708
3.80398 1.5708
3.80524 1.5708
3.80649 1.5708
3.80775 1.5708
3.80901 1.5708
3.81026 1.5708
3.81152 1.5708
3.81278 1.5708
3.81403 1.5708
3.81529 1.5708
3.81655 1.5708
3.8178 1.5708
3.81906 1.5708
3.82032 1.5708
3.82157 1.5708
3.82283 1.5708
3.82409 1.5708
3.82534 1.5708
3.8266 1.5708
3.82786 1.5708
3.82911 1.5708
3.83037 1.5708
3.83163 1.5708
3.83288 1.5708
3.83414 1.5708
3.8354 1.5708
3.83665 1.5708
3.83791 1.5708
3.83917 1.5708
3.84042 1.5708
3.84168 1.5708
3.84294 1.5708
3.84419 1.5708
3.84545 1.5708
3.84671 1.5708
3.84796 1.5708
3.84922 1.5708
3.85048 1.5708
3.85173 1.5708
3.85299 1.5708
3.85425 1.5708
3.8555 1.5708
3.85676 1.5708
3.85802 1.5708
3.85927 1.5708
3.86053 1.5708
3.86179 1.5708
3.86304 1.5708
3.8643 1.5708
3.86556 1.5708
3.86681 1.5708
3.86807 1.5708
3.86933 1.5708
3.87058 1.5708
3.87184 1.5708
3.8731 1.5708
3.87435 1.5708
3.87561 1.5708
3.87686 1.5708
3.87812 1.5708
3.87938 1.5708
3.88063 1.5708
3.88189 1.5708
3.88315 1.5708
3.8844 1.5708
3.88566 1.5708
3.88692 1.5708
3.88817 1.5708
3.88943 1.5708
3.89069 1.5708
3.89194 1.5708
3.8932 1.5708
3.89446 1.5708
3.89571 1.5708
3.89697 1.5708
3.89823 1.5708
3.89948 1.5708
3.90074 1.5708
3.902 1.5708
3.90325 1.5708
3.90451 1.5708
3.90577 1.5708
3.90702 1.5708
3.90828 1.5708
3.90954 1.5708
3.91079 1.5708
3.91205 1.5708
3.91331 1.5708
3.91456 1.5708
3.91582 1.5708
3.91708 1.5708
3.91833 1.5708
3.91959 1.5708
3.92085 1.5708
3.9221 1.5708
3.92336 1.5708
3.92462 1.5708
3.92587 1.5708
3.92713 1.5708
3.92839 1.5708
3.92964 1.5708
3.9309 1.5708
3.93216 1.5708
3.93341 1.5708
3.93467 1.5708
3.93593 1.5708
3.93718 1.5708
3.93844 1.5708
3.9397 1.5708
3.94095 1.5708
3.94221 1.5708
3.94347 1.5708
3.94472 1.5708
3.94598 1.5708
3.94724 1.5708
3.94849 1.5708
3.94975 1.5708
3.95101 1.5708
3.95226 1.5708
3.95352 1.5708
3.95478 1.5708
3.95603 1.5708
3.95729 1.5708
3.95855 1.5708
3.9598 1.5708
3.96106 1.5708
3.96232 1.5708
3.96357 1.5708
3.96483 1.5708
3.96609 1.5708
3.96734 1.5708
3.9686 1.5708
3.96986 1.5708
3.97111 1.5708
3.97237 1.5708
3.97363 1.5708
3.97488 1.5708
3.97614 1.5708
3.9774 1.5708
3.97865 1.5708
3.97991 1.5708
3.98117 1.5708
3.98242 1.5708
3.98368 1.5708
3.98494 1.5708
3.98619 1.5708
3.98745 1.5708
3.98871 1.5708
3.98996 1.5708
3.99122 1.5708
3.99248 1.5708
3.99373 1.5708
3.99499 1.5708
3.99625 1.5708
3.9975 1.5708
3.99876 1.5708
4.00002 1.5708
4.00127 1.5708
4.00253 1.5708
4.00379 1.5708
4.00504 1.5708
4.0063 1.5708
4.00756 1.5708
4.00881 1.5708
4.01007 1.5708
4.01133 1.5708
4.01258 1.5708
4.01384 1.5708
4.0151 1.5708
4.01635 1.5708
4.01761 1.5708
4.01886 1.5708
4.02012 1.5708
4.02138 1.5708
4.02263 1.5708
4.02389 1.5708
4.02515 1.5708
4.0264 1.5708
4.02766 1.5708
4.02892 1.5708
4.03017 1.5708
4.03143 1.5708
4.03269 1.5708
4.03394 1.5708
4.0352 1.5708
4.03646 1.5708
4.03771 1.5708
4.03897 1.5708
4.04023 1.5708
4.04148 1.5708
4.04274 1.5708
4.044 1.5708
4.04525 1.5708
4.04651 1.5708
4.04777 1.5708
4.04902 1.5708
4.05028 1.5708
4.05154 1.5708
4.05279 1.5708
4.05405 1.5708
4.05531 1.5708
4.05656 1.5708
4.05782 1.5708
4.05908 1.5708
4.06033 1.5708
4.06159 1.5708
4.06285 1.5708
4.0641 1.5708
4.06536 1.5708
4.06662 1.5708
4.06787 1.5708
4.06913 1.5708
4.07039 1.5708
4.07164 1.5708
4.0729 1.5708
4.07416 1.5708
4.07541 1.5708
4.07667 1.5708
4.07793 1.5708
4.07918 1.5708
4.08044 1.5708
4.0817 1.5708
4.08295 1.5708
4.08421 1.5708
4.08547 1.5708
4.08672 1.5708
4.08798 1.5708
4.08924 1.5708
4.09049 1.5708
4.09175 1.5708
4.09301 1.5708
4.09426 1.5708
4.09552 1.5708
4.09678 1.5708
4.09803 1.5708
4.09929 1.5708
4.10055 1.5708
4.1018 1.5708
4.10306 1.5708
4.10432 1.5708
4.10557 1.5708
4.10683 1.5708
4.10809 1.5708
4.10934 1.5708
4.1106 1.5708
4.11186 1.5708
4.11311 1.5708
4.11437 1.5708
4.11563 1.5708
4.11688 1.5708
4.11814 1.5708
4.1194 1.5708
4.12065 1.5708
4.12191 1.5708
4.12317 1.5708
4.12442 1.5708
4.12568 1.5708
4.12694 1.5708
4.12819 1.5708
4.12945 1.5708
4.13071 1.5708
4.13196 1.5708
4.13322 1.5708
4.13448 1.5708
4.13573 1.5708
4.13699 1.5708
4.13825 1.5708
4.1395 1.5708
4.14076 1.5708
4.14202 1.5708
4.14327 1.5708
4.14453 1.5708
4.14579 1.5708
4.14704 1.5708
4.1483 1.5708
4.14956 1.5708
4.15081 1.5708
4.15207 1.5708
4.15333 1.5708
4.15458 1.5708
4.15584 1.5708
4.1571 1.5708
4.15835 1.5708
4.15961 1.5708
4.16086 1.5708
4.16212 1.5708
4.16338 1.5708
4.16463 1.5708
4.16589 1.5708
4.16715 1.5708
4.1684 1.5708
4.16966 1.5708
4.17092 1.5708
4.17217 1.5708
4.17343 1.5708
4.17469 1.5708
4.17594 1.5708
4.1772 1.5708
4.17846 1.5708
4.17971 1.5708
4.18097 1.5708
4.18223 1.5708
4.18348 1.5708
4.18474 1.5708
4.186 1.5708
4.18725 1.5708
4.18851 1.5708
4.18977 1.5708
4.19102 1.5708
4.19228 1.5708
4.19354 1.5708
4.19479 1.5708
4.19605 1.5708
4.19731 1.5708
4.19856 1.5708
4.19982 1.5708
4.20108 1.5708
4.20233 1.5708
4.20359 1.5708
4.20485 1.5708
4.2061 1.5708
4.20736 1.5708
4.20862 1.5708
4.20987 1.5708
4.21113 1.5708
4.21239 1.5708
4.21364 1.5708
4.2149 1.5708
4.21616 1.5708
4.21741 1.5708
4.21867 1.5708
4.21993 1.5708
4.22118 1.5708
4.22244 1.5708
4.2237 1.5708
4.22495 1.5708
4.22621 1.5708
4.22747 1.5708
4.22872 1.5708
4.22998 1.5708
4.23124 1.5708
4.23249 1.5708
4.23375 1.5708
4.23501 1.5708
4.23626 1.5708
4.23752 1.5708
4.23878 1.5708
4.24003 1.5708
4.24129 1.5708
4.24255 1.5708
4.2438 1.5708
4.24506 1.5708
4.24632 1.5708
4.24757 1.5708
4.24883 1.5708
4.25009 1.5708
4.25134 1.5708
4.2526 1.5708
4.25386 1.5708
4.25511 1.5708
4.25637 1.5708
4.25763 1.5708
4.25888 1.5708
4.26014 1.5708
4.2614 1.5708
4.26265 1.5708
4.26391 1.5708
4.26517 1.5708
4.26642 1.5708
4.26768 1.5708
4.26894 1.5708
4.27019 1.5708
4.27145 1.5708
4.27271 1.5708
4.27396 1.5708
4.27522 1.5708
4.27648 1.5708
4.27773 1.5708
4.27899 1.5708
4.28025 1.5708
4.2815 1.5708
4.28276 1.5708
4.28402 1.5708
4.28527 1.5708
4.28653 1.5708
4.28779 1.5708
4.28904 1.5708
4.2903 1.5708
4.29156 1.5708
4.29281 1.5708
4.29407 1.5708
4.29533 1.5708
4.29658 1.5708
4.29784 1.5708
4.2991 1.5708
4.30035 1.5708
4.30161 1.5708
4.30286 1.5708
4.30412 1.5708
4.30538 1.5708
4.30663 1.5708
4.30789 1.5708
4.30915 1.5708
4.3104 1.5708
4.31166 1.5708
4.31292 1.5708
4.31417 1.5708
4.31543 1.5708
4.31669 1.5708
4.31794 1.5708
4.3192 1.5708
4.32046 1.5708
4.32171 1.5708
4.32297 1.5708
4.32423 1.5708
4.32548 1.5708
4.32674 1.5708
4.328 1.5708
4.32925 1.5708
4.33051 1.5708
4.33177 1.5708
4.33302 1.5708
4.33428 1.5708
4.33554 1.5708
4.33679 1.5708
4.33805 1.5708
4.33931 1.5708
4.34056 1.5708
4.34182 1.5708
4.34308 1.5708
4.34433 1.5708
4.34559 1.5708
4.34685 1.5708
4.3481 1.5708
4.34936 1.5708
4.35062 1.5708
4.35187 1.5708
4.35313 1.5708
4.35439 1.5708
4.35564 1.5708
4.3569 1.5708
4.35816 1.5708
4.35941 1.5708
4.36067 1.5708
4.36193 1.5708
4.36318 1.5708
4.36444 1.5708
4.3657 1.5708
4.36695 1.5708
4.36821 1.5708
4.36947 1.5708
4.37072 1.5708
4.37198 1.5708
4.37324 1.5708
4.37449 1.5708
4.37575 1.5708
4.37701 1.5708
4.37826 1.5708
4.37952 1.5708
4.38078 1.5708
4.38203 1.5708
4.38329 1.5708
4.38455 1.5708
4.3858 1.5708
4.38706 1.5708
4.38832 1.5708
4.38957 1.5708
4.39083 1.5708
4.39209 1.5708
4.39334 1.5708
4.3946 1.5708
4.39586 1.5708
4.39711 1.5708
4.39837 1.5708
4.39963 1.5708
4.40088 1.5708
4.40214 1.5708
4.4034 1.5708
4.40465 1.5708
4.40591 1.5708
4.40717 1.5708
4.40842 1.5708
4.40968 1.5708
4.41094 1.5708
4.41219 1.5708
4.41345 1.5708
4.41471 1.5708
4.41596 1.5708
4.41722 1.5708
4.41848 1.5708
4.41973 1.5708
4.42099 1.5708
4.42225 1.5708
4.4235 1.5708
4.42476 1.5708
4.42602 1.5708
4.42727 1.5708
4.42853 1.5708
4.42979 1.5708
4.43104 1.5708
4.4323 1.5708
4.43356 1.5708
4.43481 1.5708
4.43607 1.5708
4.43733 1.5708
4.43858 1.5708
4.43984 1.5708
4.4411 1.5708
4.44235 1.5708
4.44361 1.5708
4.44486 1.5708
4.44612 1.5708
4.44738 1.5708
4.44863 1.5708
4.44989 1.5708
4.45115 1.5708
4.4524 1.5708
4.45366 1.5708
4.45492 1.5708
4.45617 1.5708
4.45743 1.5708
4.45869 1.5708
4.45994 1.5708
4.4612 1.5708
4.46246 1.5708
4.46371 1.5708
4.46497 1.5708
4.46623 1.5708
4.46748 1.5708
4.46874 1.5708
4.47 1.5708
4.47125 1.5708
4.47251 1.5708
4.47377 1.5708
4.47502 1.5708
4.47628 1.5708
4.47754 1.5708
4.47879 1.5708
4.48005 1.5708
4.48131 1.5708
4.48256 1.5708
4.48382 1.5708
4.48508 1.5708
4.48633 1.5708
4.48759 1.5708
4.48885 1.5708
4.4901 1.5708
4.49136 1.5708
4.49262 1.5708
4.49387 1.5708
4.49513 1.5708
4.49639 1.5708
4.49764 1.5708
4.4989 1.5708
4.50016 1.5708
4.50141 1.5708
4.50267 1.5708
4.50393 1.5708
4.50518 1.5708
4.50644 1.5708
4.5077 1.5708
4.50895 1.5708
4.51021 1.5708
4.51147 1.5708
4.51272 1.5708
4.51398 1.5708
4.51524 1.5708
4.51649 1.5708
4.51775 1.5708
4.51901 1.5708
4.52026 1.5708
4.52152 1.5708
4.52278 1.5708
4.52403 1.5708
4.52529 1.5708
4.52655 1.5708
4.5278 1.5708
4.52906 1.5708
4.53032 1.5708
4.53157 1.5708
4.53283 1.5708
4.53409 1.5708
4.53534 1.5708
4.5366 1.5708
4.53786 1.5708
4.53911 1.5708
4.54037 1.5708
4.54163 1.5708
4.54288 1.5708
4.54414 1.5708
4.5454 1.5708
4.54665 1.5708
4.54791 1.5708
4.54917 1.5708
4.55042 1.5708
4.55168 1.5708
4.55294 1.5708
4.55419 1.5708
4.55545 1.5708
4.55671 1.5708
4.55796 1.5708
4.55922 1.5708
4.56048 1.5708
4.56173 1.5708
4.56299 1.5708
4.56425 1.5708
4.5655 1.5708
4.56676 1.5708
4.56802 1.5708
4.56927 1.5708
4.57053 1.5708
4.57179 1.5708
4.57304 1.5708
4.5743 1.5708
4.57556 1.5708
4.57681 1.5708
4.57807 1.5708
4.57933 1.5708
4.58058 1.5708
4.58184 1.5708
4.58309 1.5708
4.58435 1.5708
4.58561 1.5708
4.58686 1.5708
4.58812 1.5708
4.58938 1.5708
4.59063 1.5708
4.59189 1.5708
4.59315 1.5708
4.5944 1.5708
4.59566 1.5708
4.59692 1.5708
4.59817 1.5708
4.59943 1.5708
4.60069 1.5708
4.60194 1.5708
4.6032 1.5708
4.60446 1.5708
4.60571 1.5708
4.60697 1.5708
4.60823 1.5708
4.60948 1.5708
4.61074 1.5708
4.612 1.5708
4.61325 1.5708
4.61451 1.5708
4.61577 1.5708
4.61702 1.5708
4.61828 1.5708
4.61954 1.5708
4.62079 1.5708
4.62205 1.5708
4.62331 1.5708
4.62456 1.5708
4.62582 1.5708
4.62708 1.5708
4.62833 1.5708
4.62959 1.5708
4.63085 1.5708
4.6321 1.5708
4.63336 1.5708
4.63462 1.5708
4.63587 1.5708
4.63713 1.5708
4.63839 1.5708
4.63964 1.5708
4.6409 1.5708
4.64216 1.5708
4.64341 1.5708
4.64467 1.5708
4.64593 1.5708
4.64718 1.5708
4.64844 1.5708
4.6497 1.5708
4.65095 1.5708
4.65221 1.5708
4.65347 1.5708
4.65472 1.5708
4.65598 1.5708
4.65724 1.5708
4.65849 1.5708
4.65975 1.5708
4.66101 1.5708
4.66226 1.5708
4.66352 1.5708
4.66478 1.5708
4.66603 1.5708
4.66729 1.5708
4.66855 1.5708
4.6698 1.5708
4.67106 1.5708
4.67232 1.5708
4.67357 1.5708
4.67483 1.5708
4.67609 1.5708
4.67734 1.5708
4.6786 1.5708
4.67986 1.5708
4.68111 1.5708
4.68237 1.5708
4.68363 1.5708
4.68488 1.5708
4.68614 1.5708
4.6874 1.5708
4.68865 1.5708
4.68991 1.5708
4.69117 1.5708
4.69242 1.5708
4.69368 1.5708
4.69494 1.5708
4.69619 1.5708
4.69745 1.5708
4.69871 1.5708
4.69996 1.5708
4.70122 1.5708
4.70248 1.5708
4.70373 1.5708
4.70499 1.5708
4.70625 1.5708
4.7075 1.5708
4.70876 1.5708
4.71002 1.5708
4.71127 1.5708
4.71253 1.5708
4.71379 1.5708
4.71504 1.5708
4.7163 1.5708
4.71756 1.5708
4.71881 1.5708
4.72007 1.5708
4.72133 1.5708
4.72258 1.5708
4.72384 1.5708
4.72509 1.5708
4.72635 1.5708
4.72761 1.5708
4.72886 1.5708
4.73012 1.5708
4.73138 1.5708
4.73263 1.5708
4.73389 1.5708
4.73515 1.5708
4.7364 1.5708
4.73766 1.5708
4.73892 1.5708
4.74017 1.5708
4.74143 1.5708
4.74269 1.5708
4.74394 1.5708
4.7452 1.5708
4.74646 1.5708
4.74771 1.5708
4.74897 1.5708
4.75023 1.5708
4.75148 1.5708
4.75274 1.5708
4.754 1.5708
4.75525 1.5708
4.75651 1.5708
4.75777 1.5708
4.75902 1.5708
4.76028 1.5708
4.76154 1.5708
4.76279 1.5708
4.76405 1.5708
4.76531 1.5708
4.76656 1.5708
4.76782 1.5708
4.76908 1.5708
4.77033 1.5708
4.77159 1.5708
4.77285 1.5708
4.7741 1.5708
4.77536 1.5708
4.77662 1.5708
4.77787 1.5708
4.77913 1.5708
4.78039 1.5708
4.78164 1.5708
4.7829 1.5708
4.78416 1.5708
4.78541 1.5708
4.78667 1.5708
4.78793 1.5708
4.78918 1.5708
4.79044 1.5708
4.7917 1.5708
4.79295 1.5708
4.79421 1.5708
4.79547 1.5708
4.79672 1.5708
4.79798 1.5708
4.79924 1.5708
4.80049 1.5708
4.80175 1.5708
4.80301 1.5708
4.80426 1.5708
4.80552 1.5708
4.80678 1.5708
4.80803 1.5708
4.80929 1.5708
4.81055 1.5708
4.8118 1.5708
4.81306 1.5708
4.81432 1.5708
4.81557 1.5708
4.81683 1.5708
4.81809 1.5708
4.81934 1.5708
4.8206 1.5708
4.82186 1.5708
4.82311 1.5708
4.82437 1.5708
4.82563 1.5708
4.82688 1.5708
4.82814 1.5708
4.8294 1.5708
4.83065 1.5708
4.83191 1.5708
4.83317 1.5708
4.83442 1.5708
4.83568 1.5708
4.83694 1.5708
4.83819 1.5708
4.83945 1.5708
4.84071 1.5708
4.84196 1.5708
4.84322 1.5708
4.84448 1.5708
4.84573 1.5708
4.84699 1.5708
4.84825 1.5708
4.8495 1.5708
4.85076 1.5708
4.85202 1.5708
4.85327 1.5708
4.85453 1.5708
4.85579 1.5708
4.85704 1.5708
4.8583 1.5708
4.85956 1.5708
4.86081 1.5708
4.86207 1.5708
4.86333 1.5708
4.86458 1.5708
4.86584 1.5708
4.86709 1.5708
4.86835 1.5708
4.86961 1.5708
4.87086 1.5708
4.87212 1.5708
4.87338 1.5708
4.87463 1.5708
4.87589 1.5708
4.87715 1.5708
4.8784 1.5708
4.87966 1.5708
4.88092 1.5708
4.88217 1.5708
4.88343 1.5708
4.88469 1.5708
4.88594 1.5708
4.8872 1.5708
4.88846 1.5708
4.88971 1.5708
4.89097 1.5708
4.89223 1.5708
4.89348 1.5708
4.89474 1.5708
4.896 1.5708
4.89725 1.5708
4.89851 1.5708
4.89977 1.5708
4.90102 1.5708
4.90228 1.5708
4.90354 1.5708
4.90479 1.5708
4.90605 1.5708
4.90731 1.5708
4.90856 1.5708
4.90982 1.5708
4.91108 1.5708
4.91233 1.5708
4.91359 1.5708
4.91485 1.5708
4.9161 1.5708
4.91736 1.5708
4.91862 1.5708
4.91987 1.5708
4.92113 1.5708
4.92239 1.5708
4.92364 1.5708
4.9249 1.5708
4.92616 1.5708
4.92741 1.5708
4.92867 1.5708
4.92993 1.5708
4.93118 1.5708
4.93244 1.5708
4.9337 1.5708
4.93495 1.5708
4.93621 1.5708
4.93747 1.5708
4.93872 1.5708
4.93998 1.5708
4.94124 1.5708
4.94249 1.5708
4.94375 1.5708
4.94501 1.5708
4.94626 1.5708
4.94752 1.5708
4.94878 1.5708
4.95003 1.5708
4.95129 1.5708
4.95255 1.5708
4.9538 1.5708
4.95506 1.5708
4.95632 1.5708
4.95757 1.5708
4.95883 1.5708
4.96009 1.5708
4.96134 1.5708
4.9626 1.5708
4.96386 1.5708
4.96511 1.5708
4.96637 1.5708
4.96763 1.5708
4.96888 1.5708
4.97014 1.5708
4.9714 1.5708
4.97265 1.5708
4.97391 1.5708
4.97517 1.5708
4.97642 1.5708
4.97768 1.5708
4.97894 1.5708
4.98019 1.5708
4.98145 1.5708
4.98271 1.5708
4.98396 1.5708
4.98522 1.5708
4.98648 1.5708
4.98773 1.5708
4.98899 1.5708
4.99025 1.5708
4.9915 1.5708
4.99276 1.5708
4.99402 1.5708
4.99527 1.5708
4.99653 1.5708
4.99779 1.5708
4.99904 1.5708
5.0003 1.5708
5.00156 1.5708
5.00281 1.5708
5.00407 1.5708
5.00533 1.5708
5.00658 1.5708
5.00784 1.5708
5.00909 1.5708
5.01035 1.5708
5.01161 1.5708
5.01286 1.5708
5.01412 1.5708
5.01538 1.5708
5.01663 1.5708
5.01789 1.5708
5.01915 1.5708
5.0204 1.5708
5.02166 1.5708
5.02292 1.5708
5.02417 1.5708
5.02543 1.5708
5.02669 1.5708
5.02794 1.5708
5.0292 1.5708
5.03046 1.5708
5.03171 1.5708
5.03297 1.5708
5.03423 1.5708
5.03548 1.5708
5.03674 1.5708
5.038 1.5708
5.03925 1.5708
5.04051 1.5708
5.04177 1.5708
5.04302 1.5708
5.04428 1.5708
5.04554 1.5708
5.04679 1.5708
5.04805 1.5708
5.04931 1.5708
5.05056 1.5708
5.05182 1.5708
5.05308 1.5708
5.05433 1.5708
5.05559 1.5708
5.05685 1.5708
5.0581 1.5708
5.05936 1.5708
5.06062 1.5708
5.06187 1.5708
5.06313 1.5708
5.06439 1.5708
5.06564 1.5708
5.0669 1.5708
5.06816 1.5708
5.06941 1.5708
5.07067 1.5708
5.07193 1.5708
5.07318 1.5708
5.07444 1.5708
5.0757 1.5708
5.07695 1.5708
5.07821 1.5708
5.07947 1.5708
5.08072 1.5708
5.08198 1.5708
5.08324 1.5708
5.08449 1.5708
5.08575 1.5708
5.08701 1.5708
5.08826 1.5708
5.08952 1.5708
5.09078 1.5708
5.09203 1.5708
5.09329 1.5708
5.09455 1.5708
5.0958 1.5708
5.09706 1.5708
5.09832 1.5708
5.09957 1.5708
5.10083 1.5708
5.10209 1.5708
5.10334 1.5708
5.1046 1.5708
5.10586 1.5708
5.10711 1.5708
5.10837 1.5708
5.10963 1.5708
5.11088 1.5708
5.11214 1.5708
5.1134 1.5708
5.11465 1.5708
5.11591 1.5708
5.11717 1.5708
5.11842 1.5708
5.11968 1.5708
5.12094 1.5708
5.12219 1.5708
5.12345 1.5708
5.12471 1.5708
5.12596 1.5708
5.12722 1.5708
5.12848 1.5708
5.12973 1.5708
5.13099 1.5708
5.13225 1.5708
5.1335 1.5708
5.13476 1.5708
5.13602 1.5708
5.13727 1.5708
5.13853 1.5708
5.13979 1.5708
5.14104 1.5708
5.1423 1.5708
5.14356 1.5708
5.14481 1.5708
5.14607 1.5708
5.14733 1.5708
5.14858 1.5708
5.14984 1.5708
5.15109 1.5708
5.15235 1.5708
5.15361 1.5708
5.15486 1.5708
5.15612 1.5708
5.15738 1.5708
5.15863 1.5708
5.15989 1.5708
5.16115 1.5708
5.1624 1.5708
5.16366 1.5708
5.16492 1.5708
5.16617 1.5708
5.16743 1.5708
5.16869 1.5708
5.16994 1.5708
5.1712 1.5708
5.17246 1.5708
5.17371 1.5708
5.17497 1.5708
5.17623 1.5708
5.17748 1.5708
5.17874 1.5708
5.18 1.5708
5.18125 1.5708
5.18251 1.5708
5.18377 1.5708
5.18502 1.5708
5.18628 1.5708
5.18754 1.5708
5.18879 1.5708
5.19005 1.5708
5.19131 1.5708
5.19256 1.5708
5.19382 1.5708
5.19508 1.5708
5.19633 1.5708
5.19759 1.5708
5.19885 1.5708
5.2001 1.5708
5.20136 1.5708
5.20262 1.5708
5.20387 1.5708
5.20513 1.5708
5.20639 1.5708
5.20764 1.5708
5.2089 1.5708
5.21016 1.5708
5.21141 1.5708
5.21267 1.5708
5.21393 1.5708
5.21518 1.5708
5.21644 1.5708
5.2177 1.5708
5.21895 1.5708
5.22021 1.5708
5.22147 1.5708
5.22272 1.5708
5.22398 1.5708
5.22524 1.5708
5.22649 1.5708
5.22775 1.5708
5.22901 1.5708
5.23026 1.5708
5.23152 1.5708
5.23278 1.5708
5.23403 1.5708
5.23529 1.5708
5.23655 1.5708
5.2378 1.5708
5.23906 1.5708
5.24032 1.5708
5.24157 1.5708
5.24283 1.5708
5.24409 1.5708
5.24534 1.5708
5.2466 1.5708
5.24786 1.5708
5.24911 1.5708
5.25037 1.5708
5.25163 1.5708
5.25288 1.5708
5.25414 1.5708
5.2554 1.5708
5.25665 1.5708
5.25791 1.5708
5.25917 1.5708
5.26042 1.5708
5.26168 1.5708
5.26294 1.5708
5.26419 1.5708
5.26545 1.5708
5.26671 1.5708
5.26796 1.5708
5.26922 1.5708
5.27048 1.5708
5.27173 1.5708
5.27299 1.5708
5.27425 1.5708
5.2755 1.5708
5.27676 1.5708
5.27802 1.5708
5.27927 1.5708
5.28053 1.5708
5.28179 1.5708
5.28304 1.5708
5.2843 1.5708
5.28556 1.5708
5.28681 1.5708
5.28807 1.5708
5.28933 1.5708
5.29058 1.5708
5.29184 1.5708
5.29309 1.5708
5.29435 1.5708
5.29561 1.5708
5.29686 1.5708
5.29812 1.5708
5.29938 1.5708
5.30063 1.5708
5.30189 1.5708
5.30315 1.5708
5.3044 1.5708
5.30566 1.5708
5.30692 1.5708
5.30817 1.5708
5.30943 1.5708
5.31069 1.5708
5.31194 1.5708
5.3132 1.5708
5.31446 1.5708
5.31571 1.5708
5.31697 1.5708
5.31823 1.5708
5.31948 1.5708
5.32074 1.5708
5.322 1.5708
5.32325 1.5708
5.32451 1.5708
5.32577 1.5708
5.32702 1.5708
5.32828 1.5708
5.32954 1.5708
5.33079 1.5708
5.33205 1.5708
5.33331 1.5708
5.33456 1.5708
5.33582 1.5708
5.33708 1.5708
5.33833 1.5708
5.33959 1.5708
5.34085 1.5708
5.3421 1.5708
5.34336 1.5708
5.34462 1.5708
5.34587 1.5708
5.34713 1.5708
5.34839 1.5708
5.34964 1.5708
5.3509 1.5708
5.35216 1.5708
5.35341 1.5708
5.35467 1.5708
5.35593 1.5708
5.35718 1.5708
5.35844 1.5708
5.3597 1.5708
5.36095 1.5708
5.36221 1.5708
5.36347 1.5708
5.36472 1.5708
5.36598 1.5708
5.36724 1.5708
5.36849 1.5708
5.36975 1.5708
5.37101 1.5708
5.37226 1.5708
5.37352 1.5708
5.37478 1.5708
5.37603 1.5708
5.37729 1.5708
5.37855 1.5708
5.3798 1.5708
5.38106 1.5708
5.38232 1.5708
5.38357 1.5708
5.38483 1.5708
5.38609 1.5708
5.38734 1.5708
5.3886 1.5708
5.38986 1.5708
5.39111 1.5708
5.39237 1.5708
5.39363 1.5708
5.39488 1.5708
5.39614 1.5708
5.3974 1.5708
5.39865 1.5708
5.39991 1.5708
5.40117 1.5708
5.40242 1.5708
5.40368 1.5708
5.40494 1.5708
5.40619 1.5708
5.40745 1.5708
5.40871 1.5708
5.40996 1.5708
5.41122 1.5708
5.41248 1.5708
5.41373 1.5708
5.41499 1.5708
5.41625 1.5708
5.4175 1.5708
5.41876 1.5708
5.42002 1.5708
5.42127 1.5708
5.42253 1.5708
5.42379 1.5708
5.42504 1.5708
5.4263 1.5708
5.42756 1.5708
5.42881 1.5708
5.43007 1.5708
5.43133 1.5708
5.43258 1.5708
5.43384 1.5708
5.43509 1.5708
5.43635 1.5708
5.43761 1.5708
5.43886 1.5708
5.44012 1.5708
5.44138 1.5708
5.44263 1.5708
5.44389 1.5708
5.44515 1.5708
5.4464 1.5708
5.44766 1.5708
5.44892 1.5708
5.45017 1.5708
5.45143 1.5708
5.45269 1.5708
5.45394 1.5708
5.4552 1.5708
5.45646 1.5708
5.45771 1.5708
5.45897 1.5708
5.46023 1.5708
5.46148 1.5708
5.46274 1.5708
5.464 1.5708
5.46525 1.5708
5.46651 1.5708
5.46777 1.5708
5.46902 1.5708
5.47028 1.5708
5.47154 1.5708
5.47279 1.5708
5.47405 1.5708
5.47531 1.5708
5.47656 1.5708
5.47782 1.5708
5.47908 1.5708
5.48033 1.5708
5.48159 1.5708
5.48285 1.5708
5.4841 1.5708
5.48536 1.5708
5.48662 1.5708
5.48787 1.5708
5.48913 1.5708
5.49039 1.5708
5.49164 1.5708
5.4929 1.5708
5.49416 1.5708
5.49541 1.5708
5.49667 1.5708
5.49793 1.5708
5.49918 1.5708
5.50044 1.5708
5.5017 1.5708
5.50295 1.5708
5.50421 1.5708
5.50547 1.5708
5.50672 1.5708
5.50798 1.5708
5.50924 1.5708
5.51049 1.5708
5.51175 1.5708
5.51301 1.5708
5.51426 1.5708
5.51552 1.5708
5.51678 1.5708
5.51803 1.5708
5.51929 1.5708
5.52055 1.5708
5.5218 1.5708
5.52306 1.5708
5.52432 1.5708
5.52557 1.5708
5.52683 1.5708
5.52809 1.5708
5.52934 1.5708
5.5306 1.5708
5.53186 1.5708
5.53311 1.5708
5.53437 1.5708
5.53563 1.5708
5.53688 1.5708
5.53814 1.5708
5.5394 1.5708
5.54065 1.5708
5.54191 1.5708
5.54317 1.5708
5.54442 1.5708
5.54568 1.5708
5.54694 1.5708
5.54819 1.5708
5.54945 1.5708
5.55071 1.5708
5.55196 1.5708
5.55322 1.5708
5.55448 1.5708
5.55573 1.5708
5.55699 1.5708
5.55825 1.5708
5.5595 1.5708
5.56076 1.5708
5.56202 1.5708
5.56327 1.5708
5.56453 1.5708
5.56579 1.5708
5.56704 1.5708
5.5683 1.5708
5.56956 1.5708
5.57081 1.5708
5.57207 1.5708
5.57332 1.5708
5.57458 1.5708
5.57584 1.5708
5.57709 1.5708
5.57835 1.5708
5.57961 1.5708
5.58086 1.5708
5.58212 1.5708
5.58338 1.5708
5.58463 1.5708
5.58589 1.5708
5.58715 1.5708
5.5884 1.5708
5.58966 1.5708
5.59092 1.5708
5.59217 1.5708
5.59343 1.5708
5.59469 1.5708
5.59594 1.5708
5.5972 1.5708
5.59846 1.5708
5.59971 1.5708
5.60097 1.5708
5.60223 1.5708
5.60348 1.5708
5.60474 1.5708
5.606 1.5708
5.60725 1.5708
5.60851 1.5708
5.60977 1.5708
5.61102 1.5708
5.61228 1.5708
5.61354 1.5708
5.61479 1.5708
5.61605 1.5708
5.61731 1.5708
5.61856 1.5708
5.61982 1.5708
5.62108 1.5708
5.62233 1.5708
5.62359 1.5708
5.62485 1.5708
5.6261 1.5708
5.62736 1.5708
5.62862 1.5708
5.62987 1.5708
5.63113 1.5708
5.63239 1.5708
5.63364 1.5708
5.6349 1.5708
5.63616 1.5708
5.63741 1.5708
5.63867 1.5708
5.63993 1.5708
5.64118 1.5708
5.64244 1.5708
5.6437 1.5708
5.64495 1.5708
5.64621 1.5708
5.64747 1.5708
5.64872 1.5708
5.64998 1.5708
5.65124 1.5708
5.65249 1.5708
5.65375 1.5708
5.65501 1.5708
5.65626 1.5708
5.65752 1.5708
5.65878 1.5708
5.66003 1.5708
5.66129 1.5708
5.66255 1.5708
5.6638 1.5708
5.66506 1.5708
5.66632 1.5708
5.66757 1.5708
5.66883 1.5708
5.67009 1.5708
5.67134 1.5708
5.6726 1.5708
5.67386 1.5708
5.67511 1.5708
5.67637 1.5708
5.67763 1.5708
5.67888 1.5708
5.68014 1.5708
5.6814 1.5708
5.68265 1.5708
5.68391 1.5708
5.68517 1.5708
5.68642 1.5708
5.68768 1.5708
5.68894 1.5708
5.69019 1.5708
5.69145 1.5708
5.69271 1.5708
5.69396 1.5708
5.69522 1.5708
5.69648 1.5708
5.69773 1.5708
5.69899 1.5708
5.70025 1.5708
5.7015 1.5708
5.70276 1.5708
5.70402 1.5708
5.70527 1.5708
5.70653 1.5708
5.70779 1.5708
5.70904 1.5708
5.7103 1.5708
5.71156 1.5708
5.71281 1.5708
5.71407 1.5708
5.71532 1.5708
5.71658 1.5708
5.71784 1.5708
5.71909 1.5708
5.72035 1.5708
5.72161 1.5708
5.72286 1.5708
5.72412 1.5708
5.72538 1.5708
5.72663 1.5708
5.72789 1.5708
5.72915 1.5708
5.7304 1.5708
5.73166 1.5708
5.73292 1.5708
5.73417 1.5708
5.73543 1.5708
5.73669 1.5708
5.73794 1.5708
5.7392 1.5708
5.74046 1.5708
5.74171 1.5708
5.74297 1.5708
5.74423 1.5708
5.74548 1.5708
5.74674 1.5708
5.748 1.5708
5.74925 1.5708
5.75051 1.5708
5.75177 1.5708
5.75302 1.5708
5.75428 1.5708
5.75554 1.5708
5.75679 1.5708
5.75805 1.5708
5.75931 1.5708
5.76056 1.5708
5.76182 1.5708
5.76308 1.5708
5.76433 1.5708
5.76559 1.5708
5.76685 1.5708
5.7681 1.5708
5.76936 1.5708
5.77062 1.5708
5.77187 1.5708
5.77313 1.5708
5.77439 1.5708
5.77564 1.5708
5.7769 1.5708
5.77816 1.5708
5.77941 1.5708
5.78067 1.5708
5.78193 1.5708
5.78318 1.5708
5.78444 1.5708
5.7857 1.5708
5.78695 1.5708
5.78821 1.5708
5.78947 1.5708
5.79072 1.5708
5.79198 1.5708
5.79324 1.5708
5.79449 1.5708
5.79575 1.5708
5.79701 1.5708
5.79826 1.5708
5.79952 1.5708
5.80078 1.5708
5.80203 1.5708
5.80329 1.5708
5.80455 1.5708
5.8058 1.5708
5.80706 1.5708
5.80832 1.5708
5.80957 1.5708
5.81083 1.5708
5.81209 1.5708
5.81334 1.5708
5.8146 1.5708
5.81586 1.5708
5.81711 1.5708
5.81837 1.5708
5.81963 1.5708
5.82088 1.5708
5.82214 1.5708
5.8234 1.5708
5.82465 1.5708
5.82591 1.5708
5.82717 1.5708
5.82842 1.5708
5.82968 1.5708
5.83094 1.5708
5.83219 1.5708
5.83345 1.5708
5.83471 1.5708
5.83596 1.5708
5.83722 1.5708
5.83848 1.5708
5.83973 1.5708
5.84099 1.5708
5.84225 1.5708
5.8435 1.5708
5.84476 1.5708
5.84602 1.5708
5.84727 1.5708
5.84853 1.5708
5.84979 1.5708
5.85104 1.5708
5.8523 1.5708
5.85356 1.5708
5.85481 1.5708
5.85607 1.5708
5.85732 1.5708
5.85858 1.5708
5.85984 1.5708
5.86109 1.5708
5.86235 1.5708
5.86361 1.5708
5.86486 1.5708
5.86612 1.5708
5.86738 1.5708
5.86863 1.5708
5.86989 1.5708
5.87115 1.5708
5.8724 1.5708
5.87366 1.5708
5.87492 1.5708
5.87617 1.5708
5.87743 1.5708
5.87869 1.5708
5.87994 1.5708
5.8812 1.5708
5.88246 1.5708
5.88371 1.5708
5.88497 1.5708
5.88623 1.5708
5.88748 1.5708
5.88874 1.5708
5.89 1.5708
5.89125 1.5708
5.89251 1.5708
5.89377 1.5708
5.89502 1.5708
5.89628 1.5708
5.89754 1.5708
5.89879 1.5708
5.90005 1.5708
5.90131 1.5708
5.90256 1.5708
5.90382 1.5708
5.90508 1.5708
5.90633 1.5708
5.90759 1.5708
5.90885 1.5708
5.9101 1.5708
5.91136 1.5708
5.91262 1.5708
5.91387 1.5708
5.91513 1.5708
5.91639 1.5708
5.91764 1.5708
5.9189 1.5708
5.92016 1.5708
5.92141 1.5708
5.92267 1.5708
5.92393 1.5708
5.92518 1.5708
5.92644 1.5708
5.9277 1.5708
5.92895 1.5708
5.93021 1.5708
5.93147 1.5708
5.93272 1.5708
5.93398 1.5708
5.93524 1.5708
5.93649 1.5708
5.93775 1.5708
5.93901 1.5708
5.94026 1.5708
5.94152 1.5708
5.94278 1.5708
5.94403 1.5708
5.94529 1.5708
5.94655 1.5708
5.9478 1.5708
5.94906 1.5708
5.95032 1.5708
5.95157 1.5708
5.95283 1.5708
5.95409 1.5708
5.95534 1.5708
5.9566 1.5708
5.95786 1.5708
5.95911 1.5708
5.96037 1.5708
5.96163 1.5708
5.96288 1.5708
5.96414 1.5708
5.9654 1.5708
5.96665 1.5708
5.96791 1.5708
5.96917 1.5708
5.97042 1.5708
5.97168 1.5708
5.97294 1.5708
5.97419 1.5708
5.97545 1.5708
5.97671 1.5708
5.97796 1.5708
5.97922 1.5708
5.98048 1.5708
5.98173 1.5708
5.98299 1.5708
5.98425 1.5708
5.9855 1.5708
5.98676 1.5708
5.98802 1.5708
5.98927 1.5708
5.99053 1.5708
5.99179 1.5708
5.99304 1.5708
5.9943 1.5708
5.99556 1.5708
5.99681 1.5708
5.99807 1.5708
5.99932 1.5708
6.00058 1.5708
6.00184 1.5708
6.00309 1.5708
6.00435 1.5708
6.00561 1.5708
6.00686 1.5708
6.00812 1.5708
6.00938 1.5708
6.01063 1.5708
6.01189 1.5708
6.01315 1.5708
6.0144 1.5708
6.01566 1.5708
6.01692 1.5708
6.01817 1.5708
6.01943 1.5708
6.02069 1.5708
6.02194 1.5708
6.0232 1.5708
6.02446 1.5708
6.02571 1.5708
6.02697 1.5708
6.02823 1.5708
6.02948 1.5708
6.03074 1.5708
6.032 1.5708
6.03325 1.5708
6.03451 1.5708
6.03577 1.5708
6.03702 1.5708
6.03828 1.5708
6.03954 1.5708
6.04079 1.5708
6.04205 1.5708
6.04331 1.5708
6.04456 1.5708
6.04582 1.5708
6.04708 1.5708
6.04833 1.5708
6.04959 1.5708
6.05085 1.5708
6.0521 1.5708
6.05336 1.5708
6.05462 1.5708
6.05587 1.5708
6.05713 1.5708
6.05839 1.5708
6.05964 1.5708
6.0609 1.5708
6.06216 1.5708
6.06341 1.5708
6.06467 1.5708
6.06593 1.5708
6.06718 1.5708
6.06844 1.5708
6.0697 1.5708
6.07095 1.5708
6.07221 1.5708
6.07347 1.5708
6.07472 1.5708
6.07598 1.5708
6.07724 1.5708
6.07849 1.5708
6.07975 1.5708
6.08101 1.5708
6.08226 1.5708
6.08352 1.5708
6.08478 1.5708
6.08603 1.5708
6.08729 1.5708
6.08855 1.5708
6.0898 1.5708
6.09106 1.5708
6.09232 1.5708
6.09357 1.5708
6.09483 1.5708
6.09609 1.5708
6.09734 1.5708
6.0986 1.5708
6.09986 1.5708
6.10111 1.5708
6.10237 1.5708
6.10363 1.5708
6.10488 1.5708
6.10614 1.5708
6.1074 1.5708
6.10865 1.5708
6.10991 1.5708
6.11117 1.5708
6.11242 1.5708
6.11368 1.5708
6.11494 1.5708
6.11619 1.5708
6.11745 1.5708
6.11871 1.5708
6.11996 1.5708
6.12122 1.5708
6.12248 1.5708
6.12373 1.5708
6.12499 1.5708
6.12625 1.5708
6.1275 1.5708
6.12876 1.5708
6.13002 1.5708
6.13127 1.5708
6.13253 1.5708
6.13379 1.5708
6.13504 1.5708
6.1363 1.5708
6.13756 1.5708
6.13881 1.5708
6.14007 1.5708
6.14132 1.5708
6.14258 1.5708
6.14384 1.5708
6.14509 1.5708
6.14635 1.5708
6.14761 1.5708
6.14886 1.5708
6.15012 1.5708
6.15138 1.5708
6.15263 1.5708
6.15389 1.5708
6.15515 1.5708
6.1564 1.5708
6.15766 1.5708
6.15892 1.5708
6.16017 1.5708
6.16143 1.5708
6.16269 1.5708
6.16394 1.5708
6.1652 1.5708
6.16646 1.5708
6.16771 1.5708
6.16897 1.5708
6.17023 1.5708
6.17148 1.5708
6.17274 1.5708
6.174 1.5708
6.17525 1.5708
6.17651 1.5708
6.17777 1.5708
6.17902 1.5708
6.18028 1.5708
6.18154 1.5708
6.18279 1.5708
6.18405 1.5708
6.18531 1.5708
6.18656 1.5708
6.18782 1.5708
6.18908 1.5708
6.19033 1.5708
6.19159 1.5708
6.19285 1.5708
6.1941 1.5708
6.19536 1.5708
6.19662 1.5708
6.19787 1.5708
6.19913 1.5708
6.20039 1.5708
6.20164 1.5708
6.2029 1.5708
6.20416 1.5708
6.20541 1.5708
6.20667 1.5708
6.20793 1.5708
6.20918 1.5708
6.21044 1.5708
6.2117 1.5708
6.21295 1.5708
6.21421 1.5708
6.21547 1.5708
6.21672 1.5708
6.21798 1.5708
6.21924 1.5708
6.22049 1.5708
6.22175 1.5708
6.22301 1.5708
6.22426 1.5708
6.22552 1.5708
6.22678 1.5708
6.22803 1.5708
6.22929 1.5708
6.23055 1.5708
6.2318 1.5708
6.23306 1.5708
6.23432 1.5708
6.23557 1.5708
6.23683 1.5708
6.23809 1.5708
6.23934 1.5708
6.2406 1.5708
6.24186 1.5708
6.24311 1.5708
6.24437 1.5708
6.24563 1.5708
6.24688 1.5708
6.24814 1.5708
6.2494 1.5708
6.25065 1.5708
6.25191 1.5708
6.25317 1.5708
6.25442 1.5708
6.25568 1.5708
6.25694 1.5708
6.25819 1.5708
6.25945 1.5708
6.26071 1.5708
6.26196 1.5708
6.26322 1.5708
6.26448 1.5708
6.26573 1.5708
6.26699 1.5708
6.26825 1.5708
6.2695 1.5708
6.27076 1.5708
6.27202 1.5708
6.27327 1.5708
6.27453 1.5708
6.27579 1.5708
6.27704 1.5708
6.2783 1.5708
6.27956 1.5708
6.28081 1.5708
6.28207 1.5708
0.000139626 1.5708
0.00139626 1.5708
0.0026529 1.5708
0.00390954 1.5708
0.00516617 1.5708
0.00642281 1.5708
0.00767945 1.5708
0.00893609 1.5708
0.0101927 1.5708
0.0114494 1.5708
0.012706 1.5708
0.0139626 1.5708
0.0152193 1.5708
0.0164759 1.5708
0.0177325 1.5708
0.0189892 1.5708
0.0202458 1.5708
0.0215025 1.5708
0.0227591 1.5708
0.0240157 1.5708
0.0252724 1.5708
0.026529 1.5708
0.0277856 1.5708
0.0290423 1.5708
0.0302989 1.5708
0.0315556 1.5708
0.0328122 1.5708
0.0340688 1.5708
0.0353255 1.5708
0.0365821 1.5708
0.0378387 1.5708
0.0390954 1.5708
0.040352 1.5708
0.0416086 1.5708
0.0428653 1.5708
0.0441219 1.5708
0.0453786 1.5708
0.0466352 1.5708
0.0478918 1.5708
0.0491485 1.5708
0.0504051 1.5708
0.0516617 1.5708
0.0529184 1.5708
0.054175 1.5708
0.0554317 1.5708
0.0566883 1.5708
0.0579449 1.5708
0.0592016 1.5708
0.0604582 1.5708
0.0617148 1.5708
0.0629715 1.5708
0.0642281 1.5708
0.0654848 1.5708
0.0667414 1.5708
0.067998 1.5708
0.0692547 1.5708
0.0705113 1.5708
0.0717679 1.5708
0.0730246 1.5708
0.0742812 1.5708
0.0755379 1.5708
0.0767945 1.5708
0.0780511 1.5708
0.0793078 1.5708
0.0805644 1.5708
0.081821 1.5708
0.0830777 1.5708
0.0843343 1.5708
0.0855909 1.5708
0.0868476 1.5708
0.0881042 1.5708
0.0893609 1.5708
0.0906175 1.5708
0.0918741 1.5708
0.0931308 1.5708
0.0943874 1.5708
0.095644 1.5708
0.0969007 1.5708
0.0981573 1.5708
0.099414 1.5708
0.100671 1.5708
0.101927 1.5708
0.103184 1.5708
0.104441 1.5708
0.105697 1.5708
0.106954 1.5708
0.10821 1.5708
0.109467 1.5708
0.110724 1.5708
0.11198 1.5708
0.113237 1.5708
0.114494 1.5708
0.11575 1.5708
0.117007 1.5708
0.118264 1.5708
0.11952 1.5708
0.120777 1.5708
0.122033 1.5708
0.12329 1.5708
0.124547 1.5708
0.125803 1.5708
0.12706 1.5708
0.128317 1.5708
0.129573 1.5708
0.13083 1.5708
0.132087 1.5708
0.133343 1.5708
0.1346 1.5708
0.135856 1.5708
0.137113 1.5708
0.13837 1.5708
0.139626 1.5708
0.140883 1.5708
0.14214 1.5708
0.143396 1.5708
0.144653 1.5708
0.14591 1.5708
0.147166 1.5708
0.148423 1.5708
0.149679 1.5708
0.150936 1.5708
0.152193 1.5708
0.153449 1.5708
0.154706 1.5708
0.155963 1.5708
0.157219 1.5708
0.158476 1.5708
0.159733 1.5708
0.160989 1.5708
0.162246 1.5708
0.163502 1.5708
0.164759 1.5708
0.166016 1.5708
0.167272 1.5708
0.168529 1.5708
0.169786 1.5708
0.171042 1.5708
0.172299 1.5708
0.173556 1.5708
0.174812 1.5708
0.176069 1.5708
0.177325 1.5708
0.178582 1.5708
0.179839 1.5708
0.181095 1.5708
0.182352 1.5708
0.183609 1.5708
0.184865 1.5708
0.186122 1.5708
0.187379 1.5708
0.188635 1.5708
0.189892 1.5708
0.191148 1.5708
0.192405 1.5708
0.193662 1.5708
0.194918 1.5708
0.196175 1.5708
0.197432 1.5708
0.198688 1.5708
0.199945 1.5708
0.201202 1.5708
0.202458 1.5708
0.203715 1.5708
0.204971 1.5708
0.206228 1.5708
0.207485 1.5708
0.208741 1.5708
0.209998 1.5708
0.211255 1.5708
0.212511 1.5708
0.213768 1.5708
0.215025 1.5708
0.216281 1.5708
0.217538 1.5708
0.218794 1.5708
0.220051 1.5708
0.221308 1.5708
0.222564 1.5708
0.223821 1.5708
0.225078 1.5708
0.226334 1.5708
0.227591 1.5708
0.228848 1.5708
0.230104 1.5708
0.231361 1.5708
0.232617 1.5708
0.233874 1.5708
0.235131 1.5708
0.236387 1.5708
0.237644 1.5708
0.238901 1.5708
0.240157 1.5708
0.241414 1.5708
0.242671 1.5708
0.243927 1.5708
0.245184 1.5708
0.24644 1.5708
0.247697 1.5708
0.248954 1.5708
0.25021 1.5708
0.251467 1.5708
0.252724 1.5708
0.25398 1.5708
0.255237 1.5708
0.256494 1.5708
0.25775 1.5708
0.259007 1.5708
0.260263 1.5708
0.26152 1.5708
0.262777 1.5708
0.264033 1.5708
0.26529 1.5708
0.266547 1.5708
0.267803 1.5708
0.26906 1.5708
0.270317 1.5708
0.271573 1.5708
0.27283 1.5708
0.274087 1.5708
0.275343 1.5708
0.2766 1.5708
0.277856 1.5708
0.279113 1.5708
0.28037 1.5708
0.281626 1.5708
0.282883 1.5708
0.28414 1.5708
0.285396 1.5708
0.286653 1.5708
0.28791 1.5708
0.289166 1.5708
0.290423 1.5708
0.291679 1.5708
0.292936 1.5708
0.294193 1.5708
0.295449 1.5708
0.296706 1.5708
0.297963 1.5708
0.299219 1.5708
0.300476 1.5708
0.301733 1.5708
0.302989 1.5708
0.304246 1.5708
0.305502 1.5708
0.306759 1.5708
0.308016 1.5708
0.309272 1.5708
0.310529 1.5708
0.311786 1.5708
0.313042 1.5708
0.314299 1.5708
0.315556 1.5708
0.316812 1.5708
0.318069 1.5708
0.319325 1.5708
0.320582 1.5708
0.321839 1.5708
0.323095 1.5708
0.324352 1.5708
0.325609 1.5708
0.326865 1.5708
0.328122 1.5708
0.329379 1.5708
0.330635 1.5708
0.331892 1.5708
0.333148 1.5708
0.334405 1.5708
0.335662 1.5708
0.336918 1.5708
0.338175 1.5708
0.339432 1.5708
0.340688 1.5708
0.341945 1.5708
0.343202 1.5708
0.344458 1.5708
0.345715 1.5708
0.346971 1.5708
0.348228 1.5708
0.349485 1.5708
0.350741 1.5708
0.351998 1.5708
0.353255 1.5708
0.354511 1.5708
0.355768 1.5708
0.357025 1.5708
0.358281 1.5708
0.359538 1.5708
0.360794 1.5708
0.362051 1.5708
0.363308 1.5708
0.364564 1.5708
0.365821 1.5708
0.367078 1.5708
0.368334 1.5708
0.369591 1.5708
0.370848 1.5708
0.372104 1.5708
0.373361 1.5708
0.374617 1.5708
0.375874 1.5708
0.377131 1.5708
0.378387 1.5708
0.379644 1.5708
0.380901 1.5708
0.382157 1.5708
0.383414 1.5708
0.384671 1.5708
0.385927 1.5708
0.387184 1.5708
0.38844 1.5708
0.389697 1.5708
0.390954 1.5708
0.39221 1.5708
0.393467 1.5708
0.394724 1.5708
0.39598 1.5708
0.397237 1.5708
0.398494 1.5708
0.39975 1.5708
0.401007 1.5708
0.402263 1.5708
0.40352 1.5708
0.404777 1.5708
0.406033 1.5708
0.40729 1.5708
0.408547 1.5708
0.409803 1.5708
0.41106 1.5708
0.412317 1.5708
0.413573 1.5708
0.41483 1.5708
0.416086 1.5708
0.417343 1.5708
0.4186 1.5708
0.419856 1.5708
0.421113 1.5708
0.42237 1.5708
0.423626 1.5708
0.424883 1.5708
0.42614 1.5708
0.427396 1.5708
0.428653 1.5708
0.42991 1.5708
0.431166 1.5708
0.432423 1.5708
0.433679 1.5708
0.434936 1.5708
0.436193 1.5708
0.437449 1.5708
0.438706 1.5708
0.439963 1.5708
0.441219 1.5708
0.442476 1.5708
0.443733 1.5708
0.444989 1.5708
0.446246 1.5708
0.447502 1.5708
0.448759 1.5708
0.450016 1.5708
0.451272 1.5708
0.452529 1.5708
0.453786 1.5708
0.455042 1.5708
0.456299 1.5708
0.457556 1.5708
0.458812 1.5708
0.460069 1.5708
0.461325 1.5708
0.462582 1.5708
0.463839 1.5708
0.465095 1.5708
0.466352 1.5708
0.467609 1.5708
0.468865 1.5708
0.470122 1.5708
0.471379 1.5708
0.472635 1.5708
0.473892 1.5708
0.475148 1.5708
0.476405 1.5708
0.477662 1.5708
0.478918 1.5708
0.480175 1.5708
0.481432 1.5708
0.482688 1.5708
0.483945 1.5708
0.485202 1.5708
0.486458 1.5708
0.487715 1.5708
0.488971 1.5708
0.490228 1.5708
0.491485 1.5708
0.492741 1.5708
0.493998 1.5708
0.495255 1.5708
0.496511 1.5708
0.497768 1.5708
0.499025 1.5708
0.500281 1.5708
0.501538 1.5708
0.502794 1.5708
0.504051 1.5708
0.505308 1.5708
0.506564 1.5708
0.507821 1.5708
0.509078 1.5708
0.510334 1.5708
0.511591 1.5708
0.512848 1.5708
0.514104 1.5708
0.515361 1.5708
0.516617 1.5708
0.517874 1.5708
0.519131 1.5708
0.520387 1.5708
0.521644 1.5708
0.522901 1.5708
0.524157 1.5708
0.525414 1.5708
0.526671 1.5708
0.527927 1.5708
0.529184 1.5708
0.53044 1.5708
0.531697 1.5708
0.532954 1.5708
0.53421 1.5708
0.535467 1.5708
0.536724 1.5708
0.53798 1.5708
0.539237 1.5708
0.540494 1.5708
0.54175 1.5708
0.543007 1.5708
0.544263 1.5708
0.54552 1.5708
0.546777 1.5708
0.548033 1.5708
0.54929 1.5708
0.550547 1.5708
0.551803 1.5708
0.55306 1.5708
0.554317 1.5708
0.555573 1.5708
0.55683 1.5708
0.558086 1.5708
0.559343 1.5708
0.5606 1.5708
0.561856 1.5708
0.563113 1.5708
0.56437 1.5708
0.565626 1.5708
0.566883 1.5708
0.56814 1.5708
0.569396 1.5708
0.570653 1.5708
0.571909 1.5708
0.573166 1.5708
0.574423 1.5708
0.575679 1.5708
0.576936 1.5708
0.578193 1.5708
0.579449 1.5708
0.580706 1.5708
0.581963 1.5708
0.583219 1.5708
0.584476 1.5708
0.585732 1.5708
0.586989 1.5708
0.588246 1.5708
0.589502 1.5708
0.590759 1.5708
0.592016 1.5708
0.593272 1.5708
0.594529 1.5708
0.595786 1.5708
0.597042 1.5708
0.598299 1.5708
0.599556 1.5708
0.600812 1.5708
0.602069 1.5708
0.603325 1.5708
0.604582 1.5708
0.605839 1.5708
0.607095 1.5708
0.608352 1.5708
0.609609 1.5708
0.610865 1.5708
0.612122 1.5708
0.613379 1.5708
0.614635 1.5708
0.615892 1.5708
0.617148 1.5708
0.618405 1.5708
0.619662 1.5708
0.620918 1.5708
0.622175 1.5708
0.623432 1.5708
0.624688 1.5708
0.625945 1.5708
0.627202 1.5708
0.628458 1.5708
0.629715 1.5708
0.630971 1.5708
0.632228 1.5708
0.633485 1.5708
0.634741 1.5708
0.635998 1.5708
0.637255 1.5708
0.638511 1.5708
0.639768 1.5708
0.641025 1.5708
0.642281 1.5708
0.643538 1.5708
0.644794 1.5708
0.646051 1.5708
0.647308 1.5708
0.648564 1.5708
0.649821 1.5708
0.651078 1.5708
0.652334 1.5708
0.653591 1.5708
0.654848 1.5708
0.656104 1.5708
0.657361 1.5708
0.658617 1.5708
0.659874 1.5708
0.661131 1.5708
0.662387 1.5708
0.663644 1.5708
0.664901 1.5708
0.666157 1.5708
0.667414 1.5708
0.668671 1.5708
0.669927 1.5708
0.671184 1.5708
0.67244 1.5708
0.673697 1.5708
0.674954 1.5708
0.67621 1.5708
0.677467 1.5708
0.678724 1.5708
0.67998 1.5708
0.681237 1.5708
0.682494 1.5708
0.68375 1.5708
0.685007 1.5708
0.686263 1.5708
0.68752 1.5708
0.688777 1.5708
0.690033 1.5708
0.69129 1.5708
0.692547 1.5708
0.693803 1.5708
0.69506 1.5708
0.696317 1.5708
0.697573 1.5708
0.69883 1.5708
0.700086 1.5708
0.701343 1.5708
0.7026 1.5708
0.703856 1.5708
0.705113 1.5708
0.70637 1.5708
0.707626 1.5708
0.708883 1.5708
0.71014 1.5708
0.711396 1.5708
0.712653 1.5708
0.713909 1.5708
0.715166 1.5708
0.716423 1.5708
0.717679 1.5708
0.718936 1.5708
0.720193 1.5708
0.721449 1.5708
0.722706 1.5708
0.723963 1.5708
0.725219 1.5708
0.726476 1.5708
0.727732 1.5708
0.728989 1.5708
0.730246 1.5708
0.731502 1.5708
0.732759 1.5708
0.734016 1.5708
0.735272 1.5708
0.736529 1.5708
0.737786 1.5708
0.739042 1.5708
0.740299 1.5708
0.741555 1.5708
0.742812 1.5708
0.744069 1.5708
0.745325 1.5708
0.746582 1.5708
0.747839 1.5708
0.749095 1.5708
0.750352 1.5708
0.751609 1.5708
0.752865 1.5708
0.754122 1.5708
0.755379 1.5708
0.756635 1.5708
0.757892 1.5708
0.759148 1.5708
0.760405 1.5708
0.761662 1.5708
0.762918 1.5708
0.764175 1.5708
0.765432 1.5708
0.766688 1.5708
0.767945 1.5708
0.769202 1.5708
0.770458 1.5708
0.771715 1.5708
0.772971 1.5708
0.774228 1.5708
0.775485 1.5708
0.776741 1.5708
0.777998 1.5708
0.779255 1.5708
0.780511 1.5708
0.781768 1.5708
0.783025 1.5708
0.784281 1.5708
0.785538 1.5708
0.786794 1.5708
0.788051 1.5708
0.789308 1.5708
0.790564 1.5708
0.791821 1.5708
0.793078 1.5708
0.794334 1.5708
0.795591 1.5708
0.796848 1.5708
0.798104 1.5708
0.799361 1.5708
0.800617 1.5708
0.801874 1.5708
0.803131 1.5708
0.804387 1.5708
0.805644 1.5708
0.806901 1.5708
0.808157 1.5708
0.809414 1.5708
0.810671 1.5708
0.811927 1.5708
0.813184 1.5708
0.81444 1.5708
0.815697 1.5708
0.816954 1.5708
0.81821 1.5708
0.819467 1.5708
0.820724 1.5708
0.82198 1.5708
0.823237 1.5708
0.824494 1.5708
0.82575 1.5708
0.827007 1.5708
0.828263 1.5708
0.82952 1.5708
0.830777 1.5708
0.832033 1.5708
0.83329 1.5708
0.834547 1.5708
0.835803 1.5708
0.83706 1.5708
0.838317 1.5708
0.839573 1.5708
0.84083 1.5708
0.842086 1.5708
0.843343 1.5708
0.8446 1.5708
0.845856 1.5708
0.847113 1.5708
0.84837 1.5708
0.849626 1.5708
0.850883 1.5708
0.85214 1.5708
0.853396 1.5708
0.854653 1.5708
0.855909 1.5708
0.857166 1.5708
0.858423 1.5708
0.859679 1.5708
0.860936 1.5708
0.862193 1.5708
0.863449 1.5708
0.864706 1.5708
0.865963 1.5708
0.867219 1.5708
0.868476 1.5708
0.869732 1.5708
0.870989 1.5708
0.872246 1.5708
0.873502 1.5708
0.874759 1.5708
0.876016 1.5708
0.877272 1.5708
0.878529 1.5708
0.879786 1.5708
0.881042 1.5708
0.882299 1.5708
0.883555 1.5708
0.884812 1.5708
0.886069 1.5708
0.887325 1.5708
0.888582 1.5708
0.889839 1.5708
0.891095 1.5708
0.892352 1.5708
0.893609 1.5708
0.894865 1.5708
0.896122 1.5708
0.897378 1.5708
0.898635 1.5708
0.899892 1.5708
0.901148 1.5708
0.902405 1.5708
0.903662 1.5708
0.904918 1.5708
0.906175 1.5708
0.907432 1.5708
0.908688 1.5708
0.909945 1.5708
0.911201 1.5708
0.912458 1.5708
0.913715 1.5708
0.914971 1.5708
0.916228 1.5708
0.917485 1.5708
0.918741 1.5708
0.919998 1.5708
0.921255 1.5708
0.922511 1.5708
0.923768 1.5708
0.925025 1.5708
0.926281 1.5708
0.927538 1.5708
0.928794 1.5708
0.930051 1.5708
0.931308 1.5708
0.932564 1.5708
0.933821 1.5708
0.935078 1.5708
0.936334 1.5708
0.937591 1.5708
0.938848 1.5708
0.940104 1.5708
0.941361 1.5708
0.942617 1.5708
0.943874 1.5708
0.945131 1.5708
0.946387 1.5708
0.947644 1.5708
0.948901 1.5708
0.950157 1.5708
0.951414 1.5708
0.952671 1.5708
0.953927 1.5708
0.955184 1.5708
0.95644 1.5708
0.957697 1.5708
0.958954 1.5708
0.96021 1.5708
0.961467 1.5708
0.962724 1.5708
0.96398 1.5708
0.965237 1.5708
0.966494 1.5708
0.96775 1.5708
0.969007 1.5708
0.970263 1.5708
0.97152 1.5708
0.972777 1.5708
0.974033 1.5708
0.97529 1.5708
0.976547 1.5708
0.977803 1.5708
0.97906 1.5708
0.980317 1.5708
0.981573 1.5708
0.98283 1.5708
0.984086 1.5708
0.985343 1.5708
0.9866 1.5708
0.987856 1.5708
0.989113 1.5708
0.99037 1.5708
0.991626 1.5708
0.992883 1.5708
0.99414 1.5708
0.995396 1.5708
0.996653 1.5708
0.997909 1.5708
0.999166 1.5708
1.00042 1.5708
1.00168 1.5708
1.00294 1.5708
1.00419 1.5708
1.00545 1.5708
1.00671 1.5708
1.00796 1.5708
1.00922 1.5708
1.01048 1.5708
1.01173 1.5708
1.01299 1.5708
1.01425 1.5708
1.0155 1.5708
1.01676 1.5708
1.01802 1.5708
1.01927 1.5708
1.02053 1.5708
1.02179 1.5708
1.02304 1.5708
1.0243 1.5708
1.02556 1.5708
1.02681 1.5708
1.02807 1.5708
1.02933 1.5708
1.03058 1.5708
1.03184 1.5708
1.0331 1.5708
1.03435 1.5708
1.03561 1.5708
1.03687 1.5708
1.03812 1.5708
1.03938 1.5708
1.04064 1.5708
1.04189 1.5708
1.04315 1.5708
1.04441 1.5708
1.04566 1.5708
1.04692 1.5708
1.04817 1.5708
1.04943 1.5708
1.05069 1.5708
1.05194 1.5708
1.0532 1.5708
1.05446 1.5708
1.05571 1.5708
1.05697 1.5708
1.05823 1.5708
1.05948 1.5708
1.06074 1.5708
1.062 1.5708
1.06325 1.5708
1.06451 1.5708
1.06577 1.5708
1.06702 1.5708
1.06828 1.5708
1.06954 1.5708
1.07079 1.5708
1.07205 1.5708
1.07331 1.5708
1.07456 1.5708
1.07582 1.5708
1.07708 1.5708
1.07833 1.5708
1.07959 1.5708
1.08085 1.5708
1.0821 1.5708
1.08336 1.5708
1.08462 1.5708
1.08587 1.5708
1.08713 1.5708
1.08839 1.5708
1.08964 1.5708
1.0909 1.5708
1.09216 1.5708
1.09341 1.5708
1.09467 1.5708
1.09593 1.5708
1.09718 1.5708
1.09844 1.5708
1.0997 1.5708
1.10095 1.5708
1.10221 1.5708
1.10347 1.5708
1.10472 1.5708
1.10598 1.5708
1.10724 1.5708
1.10849 1.5708
1.10975 1.5708
1.11101 1.5708
1.11226 1.5708
1.11352 1.5708
1.11478 1.5708
1.11603 1.5708
1.11729 1.5708
1.11855 1.5708
1.1198 1.5708
1.12106 1.5708
1.12232 1.5708
1.12357 1.5708
1.12483 1.5708
1.12609 1.5708
1.12734 1.5708
1.1286 1.5708
1.12986 1.5708
1.13111 1.5708
1.13237 1.5708
1.13363 1.5708
1.13488 1.5708
1.13614 1.5708
1.1374 1.5708
1.13865 1.5708
1.13991 1.5708
1.14117 1.5708
1.14242 1.5708
1.14368 1.5708
1.14494 1.5708
1.14619 1.5708
1.14745 1.5708
1.14871 1.5708
1.14996 1.5708
1.15122 1.5708
1.15248 1.5708
1.15373 1.5708
1.15499 1.5708
1.15625 1.5708
1.1575 1.5708
1.15876 1.5708
1.16002 1.5708
1.16127 1.5708
1.16253 1.5708
1.16379 1.5708
1.16504 1.5708
1.1663 1.5708
1.16756 1.5708
1.16881 1.5708
1.17007 1.5708
1.17133 1.5708
1.17258 1.5708
1.17384 1.5708
1.1751 1.5708
1.17635 1.5708
1.17761 1.5708
1.17887 1.5708
1.18012 1.5708
1.18138 1.5708
1.18264 1.5708
1.18389 1.5708
1.18515 1.5708
1.18641 1.5708
1.18766 1.5708
1.18892 1.5708
1.19017 1.5708
1.19143 1.5708
1.19269 1.5708
1.19394 1.5708
1.1952 1.5708
1.19646 1.5708
1.19771 1.5708
1.19897 1.5708
1.20023 1.5708
1.20148 1.5708
1.20274 1.5708
1.204 1.5708
1.20525 1.5708
1.20651 1.5708
1.20777 1.5708
1.20902 1.5708
1.21028 1.5708
1.21154 1.5708
1.21279 1.5708
1.21405 1.5708
1.21531 1.5708
1.21656 1.5708
1.21782 1.5708
1.21908 1.5708
1.22033 1.5708
1.22159 1.5708
1.22285 1.5708
1.2241 1.5708
1.22536 1.5708
1.22662 1.5708
1.22787 1.5708
1.22913 1.5708
1.23039 1.5708
1.23164 1.5708
1.2329 1.5708
1.23416 1.5708
1.23541 1.5708
1.23667 1.5708
1.23793 1.5708
1.23918 1.5708
1.24044 1.5708
1.2417 1.5708
1.24295 1.5708
1.24421 1.5708
1.24547 1.5708
1.24672 1.5708
1.24798 1.5708
1.24924 1.5708
1.25049 1.5708
1.25175 1.5708
1.25301 1.5708
1.25426 1.5708
1.25552 1.5708
1.25678 1.5708
1.25803 1.5708
1.25929 1.5708
1.26055 1.5708
1.2618 1.5708
1.26306 1.5708
1.26432 1.5708
1.26557 1.5708
1.26683 1.5708
1.26809 1.5708
1.26934 1.5708
1.2706 1.5708
1.27186 1.5708
1.27311 1.5708
1.27437 1.5708
1.27563 1.5708
1.27688 1.5708
1.27814 1.5708
1.2794 1.5708
1.28065 1.5708
1.28191 1.5708
1.28317 1.5708
1.28442 1.5708
1.28568 1.5708
1.28694 1.5708
1.28819 1.5708
1.28945 1.5708
1.29071 1.5708
1.29196 1.5708
1.29322 1.5708
1.29448 1.5708
1.29573 1.5708
1.29699 1.5708
1.29825 1.5708
1.2995 1.5708
1.30076 1.5708
1.30202 1.5708
1.30327 1.5708
1.30453 1.5708
1.30579 1.5708
1.30704 1.5708
1.3083 1.5708
1.30956 1.5708
1.31081 1.5708
1.31207 1.5708
1.31333 1.5708
1.31458 1.5708
1.31584 1.5708
1.3171 1.5708
1.31835 1.5708
1.31961 1.5708
1.32087 1.5708
1.32212 1.5708
1.32338 1.5708
1.32464 1.5708
1.32589 1.5708
1.32715 1.5708
1.32841 1.5708
1.32966 1.5708
1.33092 1.5708
1.33217 1.5708
1.33343 1.5708
1.33469 1.5708
1.33594 1.5708
1.3372 1.5708
1.33846 1.5708
1.33971 1.5708
1.34097 1.5708
1.34223 1.5708
1.34348 1.5708
1.34474 1.5708
1.346 1.5708
1.34725 1.5708
1.34851 1.5708
1.34977 1.5708
1.35102 1.5708
1.35228 1.5708
1.35354 1.5708
1.35479 1.5708
1.35605 1.5708
1.35731 1.5708
1.35856 1.5708
1.35982 1.5708
1.36108 1.5708
1.36233 1.5708
1.36359 1.5708
1.36485 1.5708
1.3661 1.5708
1.36736 1.5708
1.36862 1.5708
1.36987 1.5708
1.37113 1.5708
1.37239 1.5708
1.37364 1.5708
1.3749 1.5708
1.37616 1.5708
1.37741 1.5708
1.37867 1.5708
1.37993 1.5708
1.38118 1.5708
1.38244 1.5708
1.3837 1.5708
1.38495 1.5708
1.38621 1.5708
1.38747 1.5708
1.38872 1.5708
1.38998 1.5708
1.39124 1.5708
1.39249 1.5708
1.39375 1.5708
1.39501 1.5708
1.39626 1.5708
1.39752 1.5708
1.39878 1.5708
1.40003 1.5708
1.40129 1.5708
1.40255 1.5708
1.4038 1.5708
1.40506 1.5708
1.40632 1.5708
1.40757 1.5708
1.40883 1.5708
1.41009 1.5708
1.41134 1.5708
1.4126 1.5708
1.41386 1.5708
1.41511 1.5708
1.41637 1.5708
1.41763 1.5708
1.41888 1.5708
1.42014 1.5708
1.4214 1.5708
1.42265 1.5708
1.42391 1.5708
1.42517 1.5708
1.42642 1.5708
1.42768 1.5708
1.42894 1.5708
1.43019 1.5708
1.43145 1.5708
1.43271 1.5708
1.43396 1.5708
1.43522 1.5708
1.43648 1.5708
1.43773 1.5708
1.43899 1.5708
1.44025 1.5708
1.4415 1.5708
1.44276 1.5708
1.44402 1.5708
1.44527 1.5708
1.44653 1.5708
1.44779 1.5708
1.44904 1.5708
1.4503 1.5708
1.45156 1.5708
1.45281 1.5708
1.45407 1.5708
1.45533 1.5708
1.45658 1.5708
1.45784 1.5708
1.4591 1.5708
1.46035 1.5708
1.46161 1.5708
1.46287 1.5708
1.46412 1.5708
1.46538 1.5708
1.46664 1.5708
1.46789 1.5708
1.46915 1.5708
1.4704 1.5708
1.47166 1.5708
1.47292 1.5708
1.47417 1.5708
1.47543 1.5708
1.47669 1.5708
1.47794 1.5708
1.4792 1.5708
1.48046 1.5708
1.48171 1.5708
1.48297 1.5708
1.48423 1.5708
1.48548 1.5708
1.48674 1.5708
1.488 1.5708
1.48925 1.5708
1.49051 1.5708
1.49177 1.5708
1.49302 1.5708
1.49428 1.5708
1.49554 1.5708
1.49679 1.5708
1.49805 1.5708
1.49931 1.5708
1.50056 1.5708
1.50182 1.5708
1.50308 1.5708
1.50433 1.5708
1.50559 1.5708
1.50685 1.5708
1.5081 1.5708
1.50936 1.5708
1.51062 1.5708
1.51187 1.5708
1.51313 1.5708
1.51439 1.5708
1.51564 1.5708
1.5169 1.5708
1.51816 1.5708
1.51941 1.5708
1.52067 1.5708
1.52193 1.5708
1.52318 1.5708
1.52444 1.5708
1.5257 1.5708
1.52695 1.5708
1.52821 1.5708
1.52947 1.5708
1.53072 1.5708
1.53198 1.5708
1.53324 1.5708
1.53449 1.5708
1.53575 1.5708
1.53701 1.5708
1.53826 1.5708
1.53952 1.5708
1.54078 1.5708
1.54203 1.5708
1.54329 1.5708
1.54455 1.5708
1.5458 1.5708
1.54706 1.5708
1.54832 1.5708
1.54957 1.5708
1.55083 1.5708
1.55209 1.5708
1.55334 1.5708
1.5546 1.5708
1.55586 1.5708
1.55711 1.5708
1.55837 1.5708
1.55963 1.5708
1.56088 1.5708
1.56214 1.5708
1.5634 1.5708
1.56465 1.5708
1.56591 1.5708
1.56717 1.5708
1.56842 1.5708
1.56968 1.5708
1.57094 1.5708
1.57219 1.5708
1.57345 1.5708
1.57471 1.5708
1.57596 1.5708
1.57722 1.5708
1.57848 1.5708
1.57973 1.5708
1.58099 1.5708
1.58225 1.5708
1.5835 1.5708
1.58476 1.5708
1.58602 1.5708
1.58727 1.5708
1.58853 1.5708
1.58979 1.5708
1.59104 1.5708
1.5923 1.5708
1.59356 1.5708
1.59481 1.5708
1.59607 1.5708
1.59733 1.5708
1.59858 1.5708
1.59984 1.5708
1.6011 1.5708
1.60235 1.5708
1.60361 1.5708
1.60487 1.5708
1.60612 1.5708
1.60738 1.5708
1.60864 1.5708
1.60989 1.5708
1.61115 1.5708
1.6124 1.5708
1.61366 1.5708
1.61492 1.5708
1.61617 1.5708
1.61743 1.5708
1.61869 1.5708
1.61994 1.5708
1.6212 1.5708
1.62246 1.5708
1.62371 1.5708
1.62497 1.5708
1.62623 1.5708
1.62748 1.5708
1.62874 1.5708
1.63 1.5708
1.63125 1.5708
1.63251 1.5708
1.63377 1.5708
1.63502 1.5708
1.63628 1.5708
1.63754 1.5708
1.63879 1.5708
1.64005 1.5708
1.64131 1.5708
1.64256 1.5708
1.64382 1.5708
1.64508 1.5708
1.64633 1.5708
1.64759 1.5708
1.64885 1.5708
1.6501 1.5708
1.65136 1.5708
1.65262 1.5708
1.65387 1.5708
1.65513 1.5708
1.65639 1.5708
1.65764 1.5708
1.6589 1.5708
1.66016 1.5708
1.66141 1.5708
1.66267 1.5708
1.66393 1.5708
1.66518 1.5708
1.66644 1.5708
1.6677 1.5708
1.66895 1.5708
1.67021 1.5708
1.67147 1.5708
1.67272 1.5708
1.67398 1.5708
1.67524 1.5708
1.67649 1.5708
1.67775 1.5708
1.67901 1.5708
1.68026 1.5708
1.68152 1.5708
1.68278 1.5708
1.68403 1.5708
1.68529 1.5708
1.68655 1.5708
1.6878 1.5708
1.68906 1.5708
1.69032 1.5708
1.69157 1.5708
1.69283 1.5708
1.69409 1.5708
1.69534 1.5708
1.6966 1.5708
1.69786 1.5708
1.69911 1.5708
1.70037 1.5708
1.70163 1.5708
1.70288 1.5708
1.70414 1.5708
1.7054 1.5708
1.70665 1.5708
1.70791 1.5708
1.70917 1.5708
1.71042 1.5708
1.71168 1.5708
1.71294 1.5708
1.71419 1.5708
1.71545 1.5708
1.71671 1.5708
1.71796 1.5708
1.71922 1.5708
1.72048 1.5708
1.72173 1.5708
1.72299 1.5708
1.72425 1.5708
1.7255 1.5708
1.72676 1.5708
1.72802 1.5708
1.72927 1.5708
1.73053 1.5708
1.73179 1.5708
1.73304 1.5708
1.7343 1.5708
1.73556 1.5708
1.73681 1.5708
1.73807 1.5708
1.73933 1.5708
1.74058 1.5708
1.74184 1.5708
1.7431 1.5708
1.74435 1.5708
1.74561 1.5708
1.74687 1.5708
1.74812 1.5708
1.74938 1.5708
1.75064 1.5708
1.75189 1.5708
1.75315 1.5708
1.7544 1.5708
1.75566 1.5708
1.75692 1.5708
1.75817 1.5708
1.75943 1.5708
1.76069 1.5708
1.76194 1.5708
1.7632 1.5708
1.76446 1.5708
1.76571 1.5708
1.76697 1.5708
1.76823 1.5708
1.76948 1.5708
1.77074 1.5708
1.772 1.5708
1.77325 1.5708
1.77451 1.5708
1.77577 1.5708
1.77702 1.5708
1.77828 1.5708
1.77954 1.5708
1.78079 1.5708
1.78205 1.5708
1.78331 1.5708
1.78456 1.5708
1.78582 1.5708
1.78708 1.5708
1.78833 1.5708
1.78959 1.5708
1.79085 1.5708
1.7921 1.5708
1.79336 1.5708
1.79462 1.5708
1.79587 1.5708
1.79713 1.5708
1.79839 1.5708
1.79964 1.5708
1.8009 1.5708
1.80216 1.5708
1.80341 1.5708
1.80467 1.5708
1.80593 1.5708
1.80718 1.5708
1.80844 1.5708
1.8097 1.5708
1.81095 1.5708
1.81221 1.5708
1.81347 1.5708
1.81472 1.5708
1.81598 1.5708
1.81724 1.5708
1.81849 1.5708
1.81975 1.5708
1.82101 1.5708
1.82226 1.5708
1.82352 1.5708
1.82478 1.5708
1.82603 1.5708
1.82729 1.5708
1.82855 1.5708
1.8298 1.5708
1.83106 1.5708
1.83232 1.5708
1.83357 1.5708
1.83483 1.5708
1.83609 1.5708
1.83734 1.5708
1.8386 1.5708
1.83986 1.5708
1.84111 1.5708
1.84237 1.5708
1.84363 1.5708
1.84488 1.5708
1.84614 1.5708
1.8474 1.5708
1.84865 1.5708
1.84991 1.5708
1.85117 1.5708
1.85242 1.5708
1.85368 1.5708
1.85494 1.5708
1.85619 1.5708
1.85745 1.5708
1.85871 1.5708
1.85996 1.5708
1.86122 1.5708
1.86248 1.5708
1.86373 1.5708
1.86499 1.5708
1.86625 1.5708
1.8675 1.5708
1.86876 1.5708
1.87002 1.5708
1.87127 1.5708
1.87253 1.5708
1.87379 1.5708
1.87504 1.5708
1.8763 1.5708
1.87756 1.5708
1.87881 1.5708
1.88007 1.5708
1.88133 1.5708
1.88258 1.5708
1.88384 1.5708
1.8851 1.5708
1.88635 1.5708
1.88761 1.5708
1.88887 1.5708
1.89012 1.5708
1.89138 1.5708
1.89264 1.5708
1.89389 1.5708
1.89515 1.5708
1.8964 1.5708
1.89766 1.5708
1.89892 1.5708
1.90017 1.5708
1.90143 1.5708
1.90269 1.5708
1.90394 1.5708
1.9052 1.5708
1.90646 1.5708
1.90771 1.5708
1.90897 1.5708
1.91023 1.5708
1.91148 1.5708
1.91274 1.5708
1.914 1.5708
1.91525 1.5708
1.91651 1.5708
1.91777 1.5708
1.91902 1.5708
1.92028 1.5708
1.92154 1.5708
1.92279 1.5708
1.92405 1.5708
1.92531 1.5708
1.92656 1.5708
1.92782 1.5708
1.92908 1.5708
1.93033 1.5708
1.93159 1.5708
1.93285 1.5708
1.9341 1.5708
1.93536 1.5708
1.93662 1.5708
1.93787 1.5708
1.93913 1.5708
1.94039 1.5708
1.94164 1.5708
1.9429 1.5708
1.94416 1.5708
1.94541 1.5708
1.94667 1.5708
1.94793 1.5708
1.94918 1.5708
1.95044 1.5708
1.9517 1.5708
1.95295 1.5708
1.95421 1.5708
1.95547 1.5708
1.95672 1.5708
1.95798 1.5708
1.95924 1.5708
1.96049 1.5708
1.96175 1.5708
1.96301 1.5708
1.96426 1.5708
1.96552 1.5708
1.96678 1.5708
1.96803 1.5708
1.96929 1.5708
1.97055 1.5708
1.9718 1.5708
1.97306 1.5708
1.97432 1.5708
1.97557 1.5708
1.97683 1.5708
1.97809 1.5708
1.97934 1.5708
1.9806 1.5708
1.98186 1.5708
1.98311 1.5708
1.98437 1.5708
1.98563 1.5708
1.98688 1.5708
1.98814 1.5708
1.9894 1.5708
1.99065 1.5708
1.99191 1.5708
1.99317 1.5708
1.99442 1.5708
1.99568 1.5708
1.99694 1.5708
1.99819 1.5708
1.99945 1.5708
2.00071 1.5708
2.00196 1.5708
2.00322 1.5708
2.00448 1.5708
2.00573 1.5708
2.00699 1.5708
2.00825 1.5708
2.0095 1.5708
2.01076 1.5708
2.01202 1.5708
2.01327 1.5708
2.01453 1.5708
2.01579 1.5708
2.01704 1.5708
2.0183 1.5708
2.01956 1.5708
2.02081 1.5708
2.02207 1.5708
2.02333 1.5708
2.02458 1.5708
2.02584 1.5708
2.0271 1.5708
2.02835 1.5708
2.02961 1.5708
2.03087 1.5708
2.03212 1.5708
2.03338 1.5708
2.03464 1.5708
2.03589 1.5708
2.03715 1.5708
2.0384 1.5708
2.03966 1.5708
2.04092 1.5708
2.04217 1.5708
2.04343 1.5708
2.04469 1.5708
2.04594 1.5708
2.0472 1.5708
2.04846 1.5708
2.04971 1.5708
2.05097 1.5708
2.05223 1.5708
2.05348 1.5708
2.05474 1.5708
2.056 1.5708
2.05725 1.5708
2.05851 1.5708
2.05977 1.5708
2.06102 1.5708
2.06228 1.5708
2.06354 1.5708
2.06479 1.5708
2.06605 1.5708
2.06731 1.5708
2.06856 1.5708
2.06982 1.5708
2.07108 1.5708
2.07233 1.5708
2.07359 1.5708
2.07485 1.5708
2.0761 1.5708
2.07736 1.5708
2.07862 1.5708
2.07987 1.5708
2.08113 1.5708
2.08239 1.5708
2.08364 1.5708
2.0849 1.5708
2.08616 1.5708
2.08741 1.5708
2.08867 1.5708
2.08993 1.5708
2.09118 1.5708
2.09244 1.5708
2.0937 1.5708
2.09495 1.5708
2.09621 1.5708
2.09747 1.5708
2.09872 1.5708
2.09998 1.5708
2.10124 1.5708
2.10249 1.5708
2.10375 1.5708
2.10501 1.5708
2.10626 1.5708
2.10752 1.5708
2.10878 1.5708
2.11003 1.5708
2.11129 1.5708
2.11255 1.5708
2.1138 1.5708
2.11506 1.5708
2.11632 1.5708
2.11757 1.5708
2.11883 1.5708
2.12009 1.5708
2.12134 1.5708
2.1226 1.5708
2.12386 1.5708
2.12511 1.5708
2.12637 1.5708
2.12763 1.5708
2.12888 1.5708
2.13014 1.5708
2.1314 1.5708
2.13265 1.5708
2.13391 1.5708
2.13517 1.5708
2.13642 1.5708
2.13768 1.5708
2.13894 1.5708
2.14019 1.5708
2.14145 1.5708
2.14271 1.5708
2.14396 1.5708
2.14522 1.5708
2.14648 1.5708
2.14773 1.5708
2.14899 1.5708
2.15025 1.5708
2.1515 1.5708
2.15276 1.5708
2.15402 1.5708
2.15527 1.5708
2.15653 1.5708
2.15779 1.5708
2.15904 1.5708
2.1603 1.5708
2.16156 1.5708
2.16281 1.5708
2.16407 1.5708
2.16533 1.5708
2.16658 1.5708
2.16784 1.5708
2.1691 1.5708
2.17035 1.5708
2.17161 1.5708
2.17287 1.5708
2.17412 1.5708
2.17538 1.5708
2.17664 1.5708
2.17789 1.5708
2.17915 1.5708
2.1804 1.5708
2.18166 1.5708
2.18292 1.5708
2.18417 1.5708
2.18543 1.5708
2.18669 1.5708
2.18794 1.5708
2.1892 1.5708
2.19046 1.5708
2.19171 1.5708
2.19297 1.5708
2.19423 1.5708
2.19548 1.5708
2.19674 1.5708
2.198 1.5708
2.19925 1.5708
2.20051 1.5708
2.20177 1.5708
2.20302 1.5708
2.20428 1.5708
2.20554 1.5708
2.20679 1.5708
2.20805 1.5708
2.20931 1.5708
2.21056 1.5708
2.21182 1.5708
2.21308 1.5708
2.21433 1.5708
2.21559 1.5708
2.21685 1.5708
2.2181 1.5708
2.21936 1.5708
2.22062 1.5708
2.22187 1.5708
2.22313 1.5708
2.22439 1.5708
2.22564 1.5708
2.2269 1.5708
2.22816 1.5708
2.22941 1.5708
2.23067 1.5708
2.23193 1.5708
2.23318 1.5708
2.23444 1.5708
2.2357 1.5708
2.23695 1.5708
2.23821 1.5708
2.23947 1.5708
2.24072 1.5708
2.24198 1.5708
2.24324 1.5708
2.24449 1.5708
2.24575 1.5708
2.24701 1.5708
2.24826 1.5708
2.24952 1.5708
2.25078 1.5708
2.25203 1.5708
2.25329 1.5708
2.25455 1.5708
2.2558 1.5708
2.25706 1.5708
2.25832 1.5708
2.25957 1.5708
2.26083 1.5708
2.26209 1.5708
2.26334 1.5708
2.2646 1.5708
2.26586 1.5708
2.26711 1.5708
2.26837 1.5708
2.26963 1.5708
2.27088 1.5708
2.27214 1.5708
2.2734 1.5708
2.27465 1.5708
2.27591 1.5708
2.27717 1.5708
2.27842 1.5708
2.27968 1.5708
2.28094 1.5708
2.28219 1.5708
2.28345 1.5708
2.28471 1.5708
2.28596 1.5708
2.28722 1.5708
2.28848 1.5708
2.28973 1.5708
2.29099 1.5708
2.29225 1.5708
2.2935 1.5708
2.29476 1.5708
2.29602 1.5708
2.29727 1.5708
2.29853 1.5708
2.29979 1.5708
2.30104 1.5708
2.3023 1.5708
2.30356 1.5708
2.30481 1.5708
2.30607 1.5708
2.30733 1.5708
2.30858 1.5708
2.30984 1.5708
2.3111 1.5708
2.31235 1.5708
2.31361 1.5708
2.31487 1.5708
2.31612 1.5708
2.31738 1.5708
2.31864 1.5708
2.31989 1.5708
2.32115 1.5708
2.3224 1.5708
2.32366 1.5708
2.32492 1.5708
2.32617 1.5708
2.32743 1.5708
2.32869 1.5708
2.32994 1.5708
2.3312 1.5708
2.33246 1.5708
2.33371 1.5708
2.33497 1.5708
2.33623 1.5708
2.33748 1.5708
2.33874 1.5708
2.34 1.5708
2.34125 1.5708
2.34251 1.5708
2.34377 1.5708
2.34502 1.5708
2.34628 1.5708
2.34754 1.5708
2.34879 1.5708
2.35005 1.5708
2.35131 1.5708
2.35256 1.5708
2.35382 1.5708
2.35508 1.5708
2.35633 1.5708
2.35759 1.5708
2.35885 1.5708
2.3601 1.5708
2.36136 1.5708
2.36262 1.5708
2.36387 1.5708
2.36513 1.5708
2.36639 1.5708
2.36764 1.5708
2.3689 1.5708
2.37016 1.5708
2.37141 1.5708
2.37267 1.5708
2.37393 1.5708
2.37518 1.5708
2.37644 1.5708
2.3777 1.5708
2.37895 1.5708
2.38021 1.5708
2.38147 1.5708
2.38272 1.5708
2.38398 1.5708
2.38524 1.5708
2.38649 1.5708
2.38775 1.5708
2.38901 1.5708
2.39026 1.5708
2.39152 1.5708
2.39278 1.5708
2.39403 1.5708
2.39529 1.5708
2.39655 1.5708
2.3978 1.5708
2.39906 1.5708
2.40032 1.5708
2.40157 1.5708
2.40283 1.5708
2.40409 1.5708
2.40534 1.5708
2.4066 1.5708
2.40786 1.5708
2.40911 1.5708
2.41037 1.5708
2.41163 1.5708
2.41288 1.5708
2.41414 1.5708
2.4154 1.5708
2.41665 1.5708
2.41791 1.5708
2.41917 1.5708
2.42042 1.5708
2.42168 1.5708
2.42294 1.5708
2.42419 1.5708
2.42545 1.5708
2.42671 1.5708
2.42796 1.5708
2.42922 1.5708
2.43048 1.5708
2.43173 1.5708
2.43299 1.5708
2.43425 1.5708
2.4355 1.5708
2.43676 1.5708
2.43802 1.5708
2.43927 1.5708
2.44053 1.5708
2.44179 1.5708
2.44304 1.5708
2.4443 1.5708
2.44556 1.5708
2.44681 1.5708
2.44807 1.5708
2.44933 1.5708
2.45058 1.5708
2.45184 1.5708
2.4531 1.5708
2.45435 1.5708
2.45561 1.5708
2.45687 1.5708
2.45812 1.5708
2.45938 1.5708
2.46063 1.5708
2.46189 1.5708
2.46315 1.5708
2.4644 1.5708
2.46566 1.5708
2.46692 1.5708
2.46817 1.5708
2.46943 1.5708
2.47069 1.5708
2.47194 1.5708
2.4732 1.5708
2.47446 1.5708
2.47571 1.5708
2.47697 1.5708
2.47823 1.5708
2.47948 1.5708
2.48074 1.5708
2.482 1.5708
2.48325 1.5708
2.48451 1.5708
2.48577 1.5708
2.48702 1.5708
2.48828 1.5708
2.48954 1.5708
2.49079 1.5708
2.49205 1.5708
2.49331 1.5708
2.49456 1.5708
2.49582 1.5708
2.49708 1.5708
2.49833 1.5708
2.49959 1.5708
2.50085 1.5708
2.5021 1.5708
2.50336 1.5708
2.50462 1.5708
2.50587 1.5708
2.50713 1.5708
2.50839 1.5708
2.50964 1.5708
2.5109 1.5708
2.51216 1.5708
2.51341 1.5708
2.51467 1.5708
2.51593 1.5708
2.51718 1.5708
2.51844 1.5708
2.5197 1.5708
2.52095 1.5708
2.52221 1.5708
2.52347 1.5708
2.52472 1.5708
2.52598 1.5708
2.52724 1.5708
2.52849 1.5708
2.52975 1.5708
2.53101 1.5708
2.53226 1.5708
2.53352 1.5708
2.53478 1.5708
2.53603 1.5708
2.53729 1.5708
2.53855 1.5708
2.5398 1.5708
2.54106 1.5708
2.54232 1.5708
2.54357 1.5708
2.54483 1.5708
2.54609 1.5708
2.54734 1.5708
2.5486 1.5708
2.54986 1.5708
2.55111 1.5708
2.55237 1.5708
2.55363 1.5708
2.55488 1.5708
2.55614 1.5708
2.5574 1.5708
2.55865 1.5708
2.55991 1.5708
2.56117 1.5708
2.56242 1.5708
2.56368 1.5708
2.56494 1.5708
2.56619 1.5708
2.56745 1.5708
2.56871 1.5708
2.56996 1.5708
2.57122 1.5708
2.57248 1.5708
2.57373 1.5708
2.57499 1.5708
2.57625 1.5708
2.5775 1.5708
2.57876 1.5708
2.58002 1.5708
2.58127 1.5708
2.58253 1.5708
2.58379 1.5708
2.58504 1.5708
2.5863 1.5708
2.58756 1.5708
2.58881 1.5708
2.59007 1.5708
2.59133 1.5708
2.59258 1.5708
2.59384 1.5708
2.5951 1.5708
2.59635 1.5708
2.59761 1.5708
2.59887 1.5708
2.60012 1.5708
2.60138 1.5708
2.60263 1.5708
2.60389 1.5708
2.60515 1.5708
2.6064 1.5708
2.60766 1.5708
2.60892 1.5708
2.61017 1.5708
2.61143 1.5708
2.61269 1.5708
2.61394 1.5708
2.6152 1.5708
2.61646 1.5708
2.61771 1.5708
2.61897 1.5708
2.62023 1.5708
2.62148 1.5708
2.62274 1.5708
2.624 1.5708
2.62525 1.5708
2.62651 1.5708
2.62777 1.5708
2.62902 1.5708
2.63028 1.5708
2.63154 1.5708
2.63279 1.5708
2.63405 1.5708
2.63531 1.5708
2.63656 1.5708
2.63782 1.5708
2.63908 1.5708
2.64033 1.5708
2.64159 1.5708
2.64285 1.5708
2.6441 1.5708
2.64536 1.5708
2.64662 1.5708
2.64787 1.5708
2.64913 1.5708
2.65039 1.5708
2.65164 1.5708
2.6529 1.5708
